    1     0.00000000     0.00000000     0.00000000     0.00000000     0.00000000     0.00000000     0.04850084     0.00000000
    2     0.00000000     0.00000000     0.00000000     0.00000000     0.00000000     0.00000001     0.04246598     0.00000000
    3     0.00000000     0.00000000     0.00000000     0.00000000     0.00000000     0.00000001     0.03658545     0.00000000
    4     0.00000000     0.00000000     0.00000000     0.00000000     0.00000000     0.00000001     0.03109896     0.00000000
    5     0.00000000     0.00000000     0.00000000     0.00000000     0.00000000     0.00000001     0.02614490     0.00000000
    6     0.00000000     0.00000000     0.00000000     0.00000000     0.00000000     0.00000001     0.02178256     0.00000000
    7     0.00000000     0.00000000     0.00000000     0.00000000     0.00000000     0.00000002     0.01801548     0.00000000
    8     0.00000000     0.00000000     0.00000000     0.00000000     0.00000000     0.00000002     0.01481172     0.00000000
    9     0.00000000     0.00000000     0.00000000     0.00000000     0.00000000     0.00000003     0.01211955     0.00000000
   10     0.00000000     0.00000000     0.00000000     0.00000000     0.00000000     0.00000004     0.00987860     0.00000000
   11     0.00000000     0.00000000     0.00000000     0.00000000     0.00000000     0.00000004     0.00802716     0.00000000
   12     0.00000000     0.00000000     0.00000000     0.00000000     0.00000000     0.00000006     0.00650658     0.00000000
   13     0.00000000     0.00000000     0.00000000     0.00000000     0.00000000     0.00000007     0.00526359     0.00000000
   14     0.00000000     0.00000000     0.00000000     0.00000000     0.00000000     0.00000009     0.00425130     0.00000000
   15     0.00000000     0.00000000     0.00000000     0.00000000     0.00000000     0.00000011     0.00342934     0.00000000
   16     0.00000000     0.00000000     0.00000000     0.00000000     0.00000000     0.00000014     0.00276350     0.00000000
   17     0.00000000     0.00000000     0.00000000     0.00000000     0.00000000     0.00000017     0.00222513     0.00000000
   18     0.00000000     0.00000000     0.00000000     0.00000000     0.00000000     0.00000021     0.00179049     0.00000000
   19     0.00000000     0.00000000     0.00000000     0.00000000     0.00000000     0.00000027     0.00144000     0.00000000
   20     0.00000000     0.00000000     0.00000000     0.00000000     0.00000000     0.00000033     0.00115765     0.00000000
   21     0.00000000     0.00000000     0.00000000     0.00000000     0.00000000     0.00000041     0.00093035     0.00000000
   22     0.00000000     0.00000000     0.00000000     0.00000000     0.00000000     0.00000051     0.00074748     0.00000000
   23     0.00000000     0.00000000     0.00000000     0.00000000     0.00000000     0.00000064     0.00060043     0.00000000
   24     0.00000000     0.00000000     0.00000000     0.00000000     0.00000000     0.00000080     0.00048223     0.00000000
   25     0.00000000     0.00000000     0.00000000     0.00000000     0.00000000     0.00000100     0.00038725     0.00000000
   26     0.00000000     0.00000000     0.00000000     0.00000000     0.00000000     0.00000124     0.00031094     0.00000000
   27     0.00000000     0.00000000     0.00000000     0.00000000     0.00000000     0.00000155     0.00024965     0.00000000
   28     0.00000000     0.00000000     0.00000000     0.00000000     0.00000000     0.00000193     0.00020042     0.00000000
   29     0.00000000     0.00000000     0.00000000     0.00000000     0.00000000     0.00000240     0.00016090     0.00000000
   30     0.00000000     0.00000000     0.00000000     0.00000000     0.00000000     0.00000299     0.00012916     0.00000000
   31     0.00000000     0.00000000     0.00000000     0.00000000     0.00000000     0.00000373     0.00010368     0.00000000
   32     0.00000000     0.00000000     0.00000000     0.00000000     0.00000000     0.00000465     0.00008322     0.00000000
   33     0.00000000     0.00000000     0.00000000     0.00000000     0.00000000     0.00000579     0.00006680     0.00000000
   34     0.00000000     0.00000000     0.00000000     0.00000000     0.00000000     0.00000722     0.00005362     0.00000000
   35     0.00000000     0.00000000     0.00000000     0.00000000     0.00000000     0.00000899     0.00004304     0.00000000
   36     0.00000000     0.00000000     0.00000000     0.00000000     0.00000000     0.00001121     0.00003454     0.00000000
   37     0.00000000     0.00000000     0.00000000     0.00000000     0.00000000     0.00001396     0.00002772     0.00000000
   38     0.00000000     0.00000000     0.00000000     0.00000000     0.00000000     0.00001740     0.00002225     0.00000000
   39     0.00000000     0.00000000     0.00000000     0.00000000     0.00000000     0.00002167     0.00001786     0.00000000
   40     0.00000000     0.00000000     0.00000000     0.00000000     0.00000000     0.00002700     0.00001433     0.00000000
   41     0.00000000     0.00000000     0.00000000     0.00000000     0.00000000     0.00003364     0.00001150     0.00000000
   42     0.00000000     0.00000000     0.00000000     0.00000000     0.00000000     0.00004192     0.00000923     0.00000000
   43     0.00000000     0.00000000     0.00000000     0.00000000     0.00000000     0.00005222     0.00000741     0.00000000
   44     0.00000000     0.00000000     0.00000000     0.00000000     0.00000000     0.00006506     0.00000595     0.00000000
   45     0.00000000     0.00000000     0.00000000     0.00000000     0.00000000     0.00008106     0.00000477     0.00000000
   46     0.00000000     0.00000000     0.00000000     0.00000000     0.00000000     0.00010098     0.00000383     0.00000000
   47     0.00000000     0.00000000     0.00000000     0.00000000     0.00000000     0.00012580     0.00000307     0.00000000
   48     0.00000000     0.00000000     0.00000000     0.00000000     0.00000000     0.00015672     0.00000247     0.00000000
   49     0.00000000     0.00000000     0.00000000     0.00000000     0.00000000     0.00019522     0.00000198     0.00000000
   50     0.00000000     0.00000000     0.00000000     0.00000000     0.00000000     0.00024317     0.00000159     0.00000000
   51     0.00000000     0.00000000     0.00000000     0.00000000     0.00000000     0.00030287     0.00000128     0.00000000
   52     0.00000000     0.00000000     0.00000000     0.00000000     0.00000000     0.00037721     0.00000102     0.00000000
   53     0.00000000     0.00000000     0.00000000     0.00000000     0.00000000     0.00046973     0.00000082     0.00000000
   54     0.00000000     0.00000000     0.00000000     0.00000000     0.00000000     0.00058488     0.00000066     0.00000000
   55     0.00000000     0.00000000     0.00000000     0.00000000     0.00000000     0.00072813     0.00000053     0.00000000
   56     0.00000000     0.00000000     0.00000000     0.00000000     0.00000000     0.00090629     0.00000042     0.00000000
   57     0.00000000     0.00000000     0.00000000     0.00000000     0.00000000     0.00112775     0.00000034     0.00000000
   58     0.00000000     0.00000000     0.00000000     0.00000000     0.00000000     0.00140288     0.00000027     0.00000000
   59     0.00000000     0.00000000     0.00000000     0.00000000     0.00000000     0.00174442     0.00000022     0.00000000
   60     0.00000000     0.00000000     0.00000000     0.00000000     0.00000000     0.00216803     0.00000018     0.00000000
   61     0.00000000     0.00000000     0.00000000     0.00000000     0.00000000     0.00269281     0.00000014     0.00000000
   62     0.00000000     0.00000000     0.00000000     0.00000000     0.00000000     0.00334198     0.00000011     0.00000000
   63     0.00000000     0.00000001     0.00000000     0.00000000     0.00000000     0.00414355     0.00000009     0.00000000
   64     0.00000000     0.00000001     0.00000000     0.00000000     0.00000000     0.00513104     0.00000007     0.00000000
   65     0.00000000     0.00000001     0.00000000     0.00000000     0.00000000     0.00634406     0.00000006     0.00000000
   66     0.00000000     0.00000001     0.00000000     0.00000000     0.00000000     0.00782872     0.00000005     0.00000000
   67     0.00000000     0.00000001     0.00000000     0.00000000     0.00000000     0.00963753     0.00000004     0.00000000
   68     0.00000000     0.00000002     0.00000000     0.00000000     0.00000000     0.01182861     0.00000003     0.00000000
   69     0.00000000     0.00000002     0.00000000     0.00000000     0.00000000     0.01446348     0.00000002     0.00000000
   70     0.00000000     0.00000003     0.00000000     0.00000000     0.00000000     0.01760298     0.00000002     0.00000000
   71     0.00000000     0.00000003     0.00000000     0.00000000     0.00000000     0.02130039     0.00000001     0.00000000
   72     0.00000000     0.00000004     0.00000000     0.00000000     0.00000000     0.02559076     0.00000001     0.00000000
   73     0.00000000     0.00000004     0.00000000     0.00000000     0.00000000     0.03047577     0.00000001     0.00000000
   74     0.00000000     0.00000005     0.00000000     0.00000000     0.00000000     0.03590400     0.00000001     0.00000000
   75     0.00000000     0.00000006     0.00000000     0.00000000     0.00000000     0.04174780     0.00000001     0.00000000
   76     0.00000000     0.00000007     0.00000000     0.00000000     0.00000000     0.04778055     0.00000000     0.00000000
   77     0.00000000     0.00000008     0.00000000     0.00000000     0.00000000     0.05366162     0.00000000     0.00000000
   78     0.00000000     0.00000009     0.00000000     0.00000000     0.00000000     0.05893973     0.00000000     0.00000000
   79     0.00000000     0.00000009     0.00000000     0.00000000     0.00000000     0.06308695     0.00000000     0.00000000
   80     0.00000000     0.00000010     0.00000000     0.00000000     0.00000000     0.06557137     0.00000000     0.00000000
   81     0.00000000     0.00000010     0.00000000     0.00000000     0.00000000     0.06596358     0.00000000     0.00000000
   82     0.00000000     0.00000009     0.00000000     0.00000000     0.00000000     0.06405265     0.00000000     0.00000000
   83     0.00000000     0.00000009     0.00000000     0.00000000     0.00000000     0.05992975     0.00000000     0.00000000
   84     0.00000000     0.00000008     0.00000000     0.00000000     0.00000000     0.05399756     0.00000000     0.00000000
   85     0.00000000     0.00000007     0.00000000     0.00000000     0.00000000     0.04688950     0.00000000     0.00000000
   86     0.00000000     0.00000006     0.00000000     0.00000000     0.00000000     0.03932462     0.00000000     0.00000000
   87     0.00000000     0.00000005     0.00000000     0.00000000     0.00000000     0.03195464     0.00000000     0.00000000
   88     0.00000000     0.00000004     0.00000000     0.00000000     0.00000000     0.02525760     0.00000000     0.00000000
   89     0.00000000     0.00000003     0.00000000     0.00000000     0.00000000     0.01950211     0.00000000     0.00000000
   90     0.00000000     0.00000002     0.00000000     0.00000000     0.00000000     0.01477122     0.00000000     0.00000000
   91     0.00000000     0.00000002     0.00000000     0.00000000     0.00000000     0.01101694     0.00000000     0.00000000
   92     0.00000000     0.00000001     0.00000000     0.00000000     0.00000000     0.00811828     0.00000000     0.00000000
   93     0.00000000     0.00000001     0.00000000     0.00000000     0.00000000     0.00592696     0.00000000     0.00000000
   94     0.00000000     0.00000001     0.00000000     0.00000000     0.00000000     0.00429672     0.00000000     0.00000000
   95     0.00000000     0.00000000     0.00000000     0.00000000     0.00000000     0.00309843     0.00000000     0.00000000
   96     0.00000000     0.00000000     0.00000000     0.00000000     0.00000000     0.00222555     0.00000000     0.00000000
   97     0.00000000     0.00000000     0.00000000     0.00000000     0.00000000     0.00159393     0.00000000     0.00000000
   98     0.00000000     0.00000000     0.00000000     0.00000000     0.00000000     0.00113912     0.00000000     0.00000000
   99     0.00000000     0.00000000     0.00000000     0.00000000     0.00000000     0.00081282     0.00000000     0.00000000
  100     0.00000000     0.00000000     0.00000000     0.00000000     0.00000000     0.00057932     0.00000000     0.00000000
  101     0.00000000     0.00000000     0.00000000     0.00000000     0.00000000     0.00041256     0.00000000     0.00000000
  102     0.00000000     0.00000000     0.00000000     0.00000000     0.00000000     0.00029362     0.00000000     0.00000000
  103     0.00000000     0.00000000     0.00000000     0.00000000     0.00000000     0.00020888     0.00000000     0.00000000
  104     0.00000000     0.00000000     0.00000000     0.00000000     0.00000000     0.00014855     0.00000000     0.00000000
  105     0.00000000     0.00000000     0.00000000     0.00000000     0.00000000     0.00010562     0.00000000     0.00000000
  106     0.00000000     0.00000000     0.00000000     0.00000000     0.00000000     0.00007508     0.00000000     0.00000000
  107     0.00000000     0.00000000     0.00000000     0.00000000     0.00000000     0.00005337     0.00000000     0.00000000
  108     0.00000000     0.00000000     0.00000000     0.00000000     0.00000000     0.00003793     0.00000000     0.00000000
  109     0.00000000     0.00000000     0.00000000     0.00000000     0.00000000     0.00002696     0.00000000     0.00000000
  110     0.00000000     0.00000000     0.00000000     0.00000000     0.00000000     0.00001916     0.00000000     0.00000000
  111     0.00000000     0.00000000     0.00000000     0.00000000     0.00000000     0.00001361     0.00000000     0.00000000
  112     0.00000000     0.00000000     0.00000000     0.00000000     0.00000000     0.00000967     0.00000000     0.00000000
  113     0.00000000     0.00000000     0.00000000     0.00000000     0.00000000     0.00000687     0.00000000     0.00000000
  114     0.00000000     0.00000000     0.00000000     0.00000000     0.00000000     0.00000489     0.00000000     0.00000000
  115     0.00000000     0.00000000     0.00000000     0.00000000     0.00000000     0.00000347     0.00000000     0.00000000
  116     0.00000000     0.00000000     0.00000000     0.00000000     0.00000000     0.00000247     0.00000000     0.00000000
  117     0.00000000     0.00000000     0.00000000     0.00000000     0.00000000     0.00000175     0.00000000     0.00000000
  118     0.00000000     0.00000000     0.00000000     0.00000000     0.00000000     0.00000125     0.00000000     0.00000000
  119     0.00000000     0.00000000     0.00000000     0.00000000     0.00000000     0.00000089     0.00000000     0.00000000
  120     0.00000000     0.00000000     0.00000000     0.00000000     0.00000000     0.00000063     0.00000000     0.00000000
  121     0.00000000     0.00000000     0.00000000     0.00000000     0.00000000     0.00000045     0.00000000     0.00000000
  122     0.00000000     0.00000000     0.00000000     0.00000000     0.00000000     0.00000032     0.00000000     0.00000000
  123     0.00000000     0.00000000     0.00000000     0.00000000     0.00000000     0.00000023     0.00000000     0.00000000
  124     0.00000000     0.00000000     0.00000000     0.00000000     0.00000000     0.00000016     0.00000000     0.00000000
  125     0.00000000     0.00000000     0.00000000     0.00000000     0.00000000     0.00000011     0.00000000     0.00000000
  126     0.00000000     0.00000000     0.00000000     0.00000000     0.00000000     0.00000008     0.00000000     0.00000000
  127     0.00000000     0.00000000     0.00000000     0.00000000     0.00000000     0.00000006     0.00000000     0.00000000
  128     0.00000000     0.00000000     0.00000000     0.00000000     0.00000000     0.00000004     0.00000000     0.00000000
  129     0.00000000     0.00000000     0.00000000     0.00000000     0.00000000     0.00000003     0.00000000     0.00000000
  130     0.00000000     0.00000000     0.00000000     0.00000000     0.00000000     0.00000002     0.00000000     0.00000000
  131     0.00000000     0.00000000     0.00000000     0.00000000     0.00000000     0.00000001     0.00000000     0.00000000
  132     0.00000000     0.00000000     0.00000000     0.00000000     0.00000000     0.00000001     0.00000000     0.00000000
  133     0.00000000     0.00000000     0.00000000     0.00000000     0.00000000     0.00000001     0.00000000     0.00000000
  134     0.00000000     0.00000000     0.00000000     0.00000000     0.00000000     0.00000001     0.00000000     0.00000000
  135     0.00000000     0.00000000     0.00000000     0.00000000     0.00000000     0.00000000     0.00000000     0.00000000
  136     0.00000000     0.00000000     0.00000000     0.00000000     0.00000000     0.00000000     0.00000000     0.00000000
  137     0.00000000     0.00000000     0.00000000     0.00000000     0.00000000     0.00000000     0.00000000     0.00000000
  138     0.00000000     0.00000000     0.00000000     0.00000000     0.00000000     0.00000000     0.00000000     0.00000000
  139     0.00000000     0.00000000     0.00000000     0.00000000     0.00000000     0.00000000     0.00000000     0.00000000
  140     0.00000000     0.00000000     0.00000000     0.00000000     0.00000000     0.00000000     0.00000000     0.00000000
  141     0.00000000     0.00000000     0.00000000     0.00000000     0.00000000     0.00000000     0.00000000     0.00000000
  142     0.00000000     0.00000000     0.00000000     0.00000000     0.00000000     0.00000000     0.00000000     0.00000000
  143     0.00000000     0.00000000     0.00000000     0.00000000     0.00000000     0.00000000     0.00000000     0.00000000
  144     0.00000000     0.00000000     0.00000000     0.00000000     0.00000000     0.00000000     0.00000000     0.00000000
  145     0.00000000     0.00000000     0.00000000     0.00000000     0.00000000     0.00000000     0.00000000     0.00000000
  146     0.00000000     0.00000000     0.00000000     0.00000000     0.00000000     0.00000000     0.00000000     0.00000000
  147     0.00000000     0.00000000     0.00000000     0.00000000     0.00000000     0.00000000     0.00000000     0.00000000
  148     0.00000000     0.00000000     0.00000000     0.00000000     0.00000000     0.00000000     0.00000000     0.00000000
  149     0.00000000     0.00000000     0.00000000     0.00000000     0.00000000     0.00000000     0.00000000     0.00000000
  150     0.00000000     0.00000000     0.00000000     0.00000000     0.00000000     0.00000000     0.00000000     0.00000000
  151     0.00000000     0.00000000     0.00000000     0.00000000     0.00000000     0.00000000     0.00000000     0.00000000
  152     0.00000000     0.00000000     0.00000000     0.00000000     0.00000000     0.00000000     0.00000000     0.00000000
  153     0.00000000     0.00000000     0.00000000     0.00000000     0.00000000     0.00000000     0.00000000     0.00000000
  154     0.00000000     0.00000000     0.00000000     0.00000000     0.00000000     0.00000000     0.00000000     0.00000000
  155     0.00000000     0.00000000     0.00000000     0.00000000     0.00000000     0.00000000     0.00000000     0.00000000
  156     0.00000000     0.00000000     0.00000000     0.00000000     0.00000000     0.00000000     0.00000000     0.00000000
  157     0.00000000     0.00000000     0.00000000     0.00000000     0.00000000     0.00000000     0.00000000     0.00000000
  158     0.00000000     0.00000000     0.00000000     0.00000000     0.00000000     0.00000000     0.00000000     0.00000000
  159     0.00000000     0.00000000     0.00000000     0.00000000     0.00000000     0.00000000     0.00000000     0.00000000
  160     0.00000000     0.00000000     0.00000000     0.00000000     0.00000000     0.00000000     0.00000000     0.00000000
  161     0.00000000     0.00000000     0.00000000     0.00000000     0.00000000     0.00000000     0.00000000     0.00000000
  162     0.00000000     0.00000000     0.00000000     0.00000000     0.00000000     0.00000000     0.00000000     0.00000000
  163     0.00000000     0.00000000     0.00000000     0.00000000     0.00000000     0.00000000     0.00000000     0.00000000
  164     0.00000000     0.00000000     0.00000000     0.00000000     0.00000000     0.00000000     0.00000000     0.00000000
  165     0.00000000     0.00000000     0.00000000     0.00000000     0.00000000     0.00000000     0.00000000     0.00000000
  166     0.00000000     0.00000000     0.00000000     0.00000000     0.00000000     0.00000000     0.00000000     0.00000000
  167     0.00000000     0.00000000     0.00000000     0.00000000     0.00000000     0.00000000     0.00000000     0.00000000
  168     0.00000000     0.00000000     0.00000000     0.00000000     0.00000000     0.00000000     0.00000000     0.00000000
  169     0.00000000     0.00000000     0.00000000     0.00000000     0.00000000     0.00000000     0.00000000     0.00000000
  170     0.00000000     0.00000000     0.00000000     0.00000000     0.00000000     0.00000000     0.00000000     0.00000000
  171     0.00000000     0.00000000     0.00000000     0.00000000     0.00000000     0.00000000     0.00000000     0.00000000
  172     0.00000000     0.00000000     0.00000000     0.00000000     0.00000000     0.00000000     0.00000000     0.00000000
  173     0.00000000     0.00000000     0.00000000     0.00000000     0.00000000     0.00000000     0.00000000     0.00000000
  174     0.00000000     0.00000000     0.00000000     0.00000000     0.00000000     0.00000000     0.00000000     0.00000000
  175     0.00000000     0.00000000     0.00000000     0.00000000     0.00000000     0.00000000     0.00000000     0.00000000
  176     0.00000000     0.00000000     0.00000000     0.00000000     0.00000000     0.00000000     0.00000000     0.00000000
  177     0.00000000     0.00000000     0.00000000     0.00000000     0.00000000     0.00000000     0.00000000     0.00000000
  178     0.00000000     0.00000000     0.00000000     0.00000000     0.00000000     0.00000000     0.00000000     0.00000000
  179     0.00000000     0.00000000     0.00000000     0.00000000     0.00000000     0.00000000     0.00000000     0.00000000
  180     0.00000000     0.00000000     0.00000000     0.00000000     0.00000000     0.00000000     0.00000000     0.00000000
  181     0.00000000     0.00000000     0.00000000     0.00000000     0.00000000     0.00000000     0.00000000     0.00000000
  182     0.00000000     0.00000000     0.00000000     0.00000000     0.00000000     0.00000000     0.00000000     0.00000000
  183     0.00000000     0.00000000     0.00000000     0.00000000     0.00000000     0.00000000     0.00000000     0.00000000
  184     0.00000000     0.00000000     0.00000000     0.00000000     0.00000000     0.00000000     0.00000000     0.00000000
  185     0.00000000     0.00000000     0.00000000     0.00000000     0.00000000     0.00000000     0.00000000     0.00000000
  186     0.00000000     0.00000000     0.00000000     0.00000000     0.00000000     0.00000000     0.00000000     0.00000000
  187     0.00000000     0.00000000     0.00000000     0.00000000     0.00000000     0.00000000     0.00000000     0.00000000
  188     0.00000000     0.00000000     0.00000000     0.00000000     0.00000000     0.00000000     0.00000000     0.00000000
  189     0.00000000     0.00000000     0.00000000     0.00000000     0.00000000     0.00000000     0.00000000     0.00000000
  190     0.00000000     0.00000000     0.00000000     0.00000000     0.00000000     0.00000000     0.00000000     0.00000000
  191     0.00000000     0.00000000     0.00000000     0.00000000     0.00000000     0.00000000     0.00000000     0.00000000
  192     0.00000000     0.00000000     0.00000000     0.00000000     0.00000000     0.00000000     0.00000000     0.00000000
  193     0.00000000     0.00000000     0.00000000     0.00000000     0.00000000     0.00000000     0.00000000     0.00000000
  194     0.00000000     0.00000000     0.00000000     0.00000000     0.00000000     0.00000000     0.00000000     0.00000000
  195     0.00000000     0.00000000     0.00000000     0.00000000     0.00000000     0.00000000     0.00000000     0.00000000
  196     0.00000000     0.00000000     0.00000000     0.00000000     0.00000000     0.00000000     0.00000000     0.00000000
  197     0.00000000     0.00000000     0.00000001     0.00000000     0.00000000     0.00000000     0.00000000     0.00000000
  198     0.00000000     0.00000000     0.00000001     0.00000000     0.00000000     0.00000000     0.00000000     0.00000000
  199     0.00000000     0.00000000     0.00000001     0.00000000     0.00000000     0.00000000     0.00000000     0.00000000
  200     0.00000000     0.00000000     0.00000002     0.00000000     0.00000000     0.00000000     0.00000000     0.00000000
  201     0.00000000     0.00000000     0.00000002     0.00000000     0.00000000     0.00000000     0.00000000     0.00000000
  202     0.00000000     0.00000000     0.00000003     0.00000000     0.00000000     0.00000000     0.00000000     0.00000000
  203     0.00000000     0.00000000     0.00000004     0.00000000     0.00000000     0.00000000     0.00000000     0.00000000
  204     0.00000000     0.00000000     0.00000006     0.00000000     0.00000000     0.00000000     0.00000000     0.00000000
  205     0.00000000     0.00000000     0.00000008     0.00000000     0.00000000     0.00000000     0.00000000     0.00000000
  206     0.00000000     0.00000000     0.00000012     0.00000000     0.00000000     0.00000000     0.00000000     0.00000000
  207     0.00000000     0.00000000     0.00000017     0.00000000     0.00000000     0.00000000     0.00000000     0.00000000
  208     0.00000000     0.00000000     0.00000023     0.00000000     0.00000000     0.00000000     0.00000000     0.00000000
  209     0.00000000     0.00000000     0.00000033     0.00000000     0.00000000     0.00000000     0.00000000     0.00000000
  210     0.00000000     0.00000000     0.00000046     0.00000000     0.00000000     0.00000000     0.00000000     0.00000000
  211     0.00000000     0.00000000     0.00000065     0.00000000     0.00000000     0.00000000     0.00000000     0.00000000
  212     0.00000000     0.00000000     0.00000092     0.00000000     0.00000000     0.00000000     0.00000000     0.00000000
  213     0.00000000     0.00000000     0.00000129     0.00000000     0.00000000     0.00000000     0.00000000     0.00000000
  214     0.00000000     0.00000000     0.00000181     0.00000000     0.00000000     0.00000000     0.00000000     0.00000000
  215     0.00000000     0.00000000     0.00000255     0.00000000     0.00000000     0.00000000     0.00000000     0.00000000
  216     0.00000000     0.00000000     0.00000359     0.00000000     0.00000000     0.00000000     0.00000000     0.00000000
  217     0.00000000     0.00000000     0.00000505     0.00000000     0.00000000     0.00000000     0.00000000     0.00000000
  218     0.00000000     0.00000000     0.00000711     0.00000000     0.00000000     0.00000000     0.00000000     0.00000000
  219     0.00000000     0.00000000     0.00001001     0.00000000     0.00000000     0.00000000     0.00000000     0.00000000
  220     0.00000000     0.00000000     0.00001409     0.00000000     0.00000000     0.00000000     0.00000000     0.00000000
  221     0.00000000     0.00000000     0.00001982     0.00000000     0.00000000     0.00000000     0.00000000     0.00000000
  222     0.00000000     0.00000000     0.00002789     0.00000000     0.00000000     0.00000000     0.00000000     0.00000000
  223     0.00000000     0.00000000     0.00003925     0.00000000     0.00000000     0.00000000     0.00000000     0.00000000
  224     0.00000000     0.00000000     0.00005522     0.00000000     0.00000000     0.00000000     0.00000000     0.00000000
  225     0.00000000     0.00000000     0.00007768     0.00000000     0.00000000     0.00000000     0.00000000     0.00000000
  226     0.00000000     0.00000000     0.00010927     0.00000000     0.00000000     0.00000000     0.00000000     0.00000000
  227     0.00000000     0.00000000     0.00015369     0.00000000     0.00000000     0.00000000     0.00000000     0.00000000
  228     0.00000000     0.00000000     0.00021610     0.00000000     0.00000000     0.00000000     0.00000000     0.00000000
  229     0.00000000     0.00000000     0.00030376     0.00000000     0.00000000     0.00000000     0.00000000     0.00000000
  230     0.00000000     0.00000000     0.00042678     0.00000000     0.00000000     0.00000000     0.00000000     0.00000000
  231     0.00000000     0.00000000     0.00059925     0.00000000     0.00000000     0.00000000     0.00000000     0.00000000
  232     0.00000000     0.00000000     0.00084070     0.00000000     0.00000000     0.00000000     0.00000000     0.00000000
  233     0.00000000     0.00000000     0.00117805     0.00000000     0.00000000     0.00000000     0.00000000     0.00000000
  234     0.00000000     0.00000000     0.00164810     0.00000000     0.00000000     0.00000000     0.00000000     0.00000000
  235     0.00000000     0.00000000     0.00230064     0.00000000     0.00000000     0.00000000     0.00000000     0.00000000
  236     0.00000000     0.00000000     0.00320191     0.00000000     0.00000000     0.00000000     0.00000000     0.00000000
  237     0.00000000     0.00000000     0.00443823     0.00000000     0.00000000     0.00000000     0.00000000     0.00000000
  238     0.00000000     0.00000000     0.00611850     0.00000000     0.00000000     0.00000000     0.00000000     0.00000000
  239     0.00000000     0.00000000     0.00837399     0.00000000     0.00000000     0.00000000     0.00000000     0.00000000
  240     0.00000000     0.00000000     0.01135211     0.00000000     0.00000000     0.00000000     0.00000000     0.00000000
  241     0.00000000     0.00000000     0.01520014     0.00000000     0.00000000     0.00000000     0.00000000     0.00000000
  242     0.00000000     0.00000000     0.02003428     0.00000000     0.00000000     0.00000000     0.00000000     0.00000000
  243     0.00000000     0.00000000     0.02589228     0.00000000     0.00000000     0.00000000     0.00000000     0.00000000
  244     0.00000000     0.00000000     0.03267483     0.00000000     0.00000000     0.00000000     0.00000000     0.00000000
  245     0.00000000     0.00000000     0.04009260     0.00000000     0.00000000     0.00000000     0.00000000     0.00000000
  246     0.00000000     0.00000000     0.04764708     0.00000000     0.00000000     0.00000000     0.00000000     0.00000000
  247     0.00000000     0.00000000     0.05467334     0.00000000     0.00000000     0.00000000     0.00000000     0.00000000
  248     0.00000000     0.00000000     0.06045288     0.00000000     0.00000000     0.00000000     0.00000000     0.00000000
  249     0.00000000     0.00000000     0.06436880     0.00000000     0.00000000     0.00000000     0.00000000     0.00000000
  250     0.00000000     0.00000000     0.06604700     0.00000000     0.00000000     0.00000000     0.00000000     0.00000000
  251     0.00000000     0.00000000     0.06542852     0.00000000     0.00000000     0.00000000     0.00000000     0.00000000
  252     0.00000000     0.00000000     0.06275129     0.00000000     0.00000000     0.00000000     0.00000000     0.00000000
  253     0.00000000     0.00000000     0.05846106     0.00000000     0.00000000     0.00000000     0.00000000     0.00000000
  254     0.00000000     0.00000000     0.05309442     0.00000000     0.00000000     0.00000000     0.00000000     0.00000000
  255     0.00000000     0.00000000     0.04717480     0.00000000     0.00000000     0.00000000     0.00000000     0.00000000
  256     0.00000000     0.00000000     0.04114371     0.00000000     0.00000000     0.00000000     0.00000000     0.00000000
  257     0.00000000     0.00000000     0.03533025     0.00000000     0.00000000     0.00000000     0.00000000     0.00000000
  258     0.00000000     0.00000000     0.02995024     0.00000000     0.00000000     0.00000000     0.00000000     0.00000000
  259     0.00000000     0.00000000     0.02512251     0.00000000     0.00000000     0.00000000     0.00000000     0.00000000
  260     0.00000000     0.00000000     0.02089198     0.00000000     0.00000000     0.00000000     0.00000000     0.00000000
  261     0.00000000     0.00000000     0.01725263     0.00000000     0.00000000     0.00000000     0.00000000     0.00000000
  262     0.00000000     0.00000000     0.01416683     0.00000000     0.00000000     0.00000000     0.00000000     0.00000000
  263     0.00000000     0.00000000     0.01157999     0.00000000     0.00000000     0.00000000     0.00000000     0.00000000
  264     0.00000000     0.00000000     0.00943086     0.00000000     0.00000000     0.00000000     0.00000000     0.00000000
  265     0.00000000     0.00000000     0.00765800     0.00000000     0.00000000     0.00000000     0.00000000     0.00000000
  266     0.00000000     0.00000000     0.00620377     0.00000000     0.00000000     0.00000000     0.00000000     0.00000000
  267     0.00000000     0.00000000     0.00501622     0.00000000     0.00000000     0.00000000     0.00000000     0.00000000
  268     0.00000000     0.00000000     0.00404987     0.00000000     0.00000000     0.00000000     0.00000000     0.00000000
  269     0.00000000     0.00000000     0.00326574     0.00000000     0.00000000     0.00000000     0.00000000     0.00000000
  270     0.00000000     0.00000000     0.00263090     0.00000000     0.00000000     0.00000000     0.00000000     0.00000000
  271     0.00000000     0.00000000     0.00211783     0.00000000     0.00000000     0.00000000     0.00000000     0.00000000
  272     0.00000000     0.00000000     0.00170377     0.00000000     0.00000000     0.00000000     0.00000000     0.00000000
  273     0.00000000     0.00000000     0.00137000     0.00000000     0.00000000     0.00000000     0.00000000     0.00000000
  274     0.00000000     0.00000000     0.00110117     0.00000000     0.00000000     0.00000000     0.00000000     0.00000000
  275     0.00000000     0.00000000     0.00088483     0.00000000     0.00000000     0.00000000     0.00000000     0.00000000
  276     0.00000000     0.00000000     0.00071080     0.00000000     0.00000000     0.00000000     0.00000000     0.00000000
  277     0.00000000     0.00000000     0.00057090     0.00000000     0.00000000     0.00000000     0.00000000     0.00000000
  278     0.00000000     0.00000000     0.00045845     0.00000000     0.00000000     0.00000000     0.00000000     0.00000000
  279     0.00000000     0.00000000     0.00036811     0.00000000     0.00000000     0.00000000     0.00000000     0.00000000
  280     0.00000000     0.00000000     0.00029554     0.00000000     0.00000000     0.00000000     0.00000000     0.00000000
  281     0.00000000     0.00000000     0.00023726     0.00000000     0.00000000     0.00000000     0.00000000     0.00000000
  282     0.00000000     0.00000000     0.00019045     0.00000000     0.00000000     0.00000000     0.00000000     0.00000000
  283     0.00000000     0.00000000     0.00015288     0.00000000     0.00000000     0.00000000     0.00000000     0.00000000
  284     0.00000000     0.00000000     0.00012271     0.00000000     0.00000000     0.00000000     0.00000000     0.00000000
  285     0.00000000     0.00000000     0.00009849     0.00000000     0.00000000     0.00000000     0.00000000     0.00000000
  286     0.00000000     0.00000000     0.00007905     0.00000000     0.00000000     0.00000000     0.00000000     0.00000000
  287     0.00000000     0.00000000     0.00006345     0.00000000     0.00000000     0.00000000     0.00000000     0.00000000
  288     0.00000000     0.00000000     0.00005092     0.00000000     0.00000000     0.00000000     0.00000000     0.00000000
  289     0.00000000     0.00000000     0.00004087     0.00000000     0.00000000     0.00000000     0.00000000     0.00000000
  290     0.00000000     0.00000000     0.00003280     0.00000000     0.00000000     0.00000000     0.00000000     0.00000000
  291     0.00000000     0.00000000     0.00002632     0.00000000     0.00000000     0.00000000     0.00000000     0.00000000
  292     0.00000000     0.00000000     0.00002113     0.00000000     0.00000000     0.00000000     0.00000000     0.00000000
  293     0.00000000     0.00000000     0.00001695     0.00000000     0.00000000     0.00000000     0.00000000     0.00000000
  294     0.00000000     0.00000000     0.00001361     0.00000000     0.00000000     0.00000000     0.00000000     0.00000000
  295     0.00000000     0.00000000     0.00001092     0.00000000     0.00000000     0.00000000     0.00000000     0.00000000
  296     0.00000000     0.00000000     0.00000876     0.00000000     0.00000000     0.00000000     0.00000000     0.00000000
  297     0.00000000     0.00000000     0.00000703     0.00000000     0.00000000     0.00000000     0.00000000     0.00000000
  298     0.00000000     0.00000000     0.00000564     0.00000000     0.00000000     0.00000000     0.00000000     0.00000000
  299     0.00000000     0.00000000     0.00000453     0.00000000     0.00000000     0.00000000     0.00000000     0.00000000
  300     0.00000000     0.00000000     0.00000364     0.00000000     0.00000000     0.00000000     0.00000000     0.00000000
  301     0.00000000     0.00000000     0.00000292     0.00000000     0.00000000     0.00000000     0.00000000     0.00000000
  302     0.00000000     0.00000000     0.00000234     0.00000000     0.00000000     0.00000000     0.00000000     0.00000000
  303     0.00000000     0.00000000     0.00000188     0.00000000     0.00000000     0.00000000     0.00000000     0.00000000
  304     0.00000000     0.00000000     0.00000151     0.00000000     0.00000000     0.00000000     0.00000000     0.00000000
  305     0.00000000     0.00000000     0.00000121     0.00000000     0.00000000     0.00000000     0.00000000     0.00000000
  306     0.00000000     0.00000000     0.00000097     0.00000000     0.00000000     0.00000000     0.00000000     0.00000000
  307     0.00000000     0.00000000     0.00000078     0.00000000     0.00000000     0.00000000     0.00000000     0.00000000
  308     0.00000000     0.00000000     0.00000063     0.00000000     0.00000000     0.00000000     0.00000000     0.00000000
  309     0.00000000     0.00000000     0.00000050     0.00000000     0.00000000     0.00000000     0.00000000     0.00000000
  310     0.00000000     0.00000000     0.00000040     0.00000000     0.00000000     0.00000000     0.00000000     0.00000000
  311     0.00000000     0.00000000     0.00000032     0.00000000     0.00000000     0.00000000     0.00000000     0.00000000
  312     0.00000000     0.00000000     0.00000026     0.00000000     0.00000000     0.00000000     0.00000000     0.00000000
  313     0.00000000     0.00000000     0.00000021     0.00000000     0.00000000     0.00000000     0.00000000     0.00000000
  314     0.00000000     0.00000000     0.00000017     0.00000000     0.00000000     0.00000000     0.00000000     0.00000000
  315     0.00000000     0.00000000     0.00000013     0.00000000     0.00000000     0.00000000     0.00000000     0.00000000
  316     0.00000000     0.00000000     0.00000011     0.00000000     0.00000000     0.00000000     0.00000000     0.00000000
  317     0.00000000     0.00000000     0.00000009     0.00000000     0.00000000     0.00000000     0.00000000     0.00000000
  318     0.00000000     0.00000000     0.00000007     0.00000000     0.00000000     0.00000000     0.00000000     0.00000000
  319     0.00000000     0.00000000     0.00000006     0.00000000     0.00000000     0.00000000     0.00000000     0.00000000
  320     0.00000000     0.00000000     0.00000004     0.00000000     0.00000000     0.00000000     0.00000000     0.00000000
  321     0.00000000     0.00000000     0.00000004     0.00000000     0.00000000     0.00000000     0.00000000     0.00000000
  322     0.00000000     0.00000000     0.00000003     0.00000000     0.00000000     0.00000000     0.00000000     0.00000000
  323     0.00000000     0.00000000     0.00000002     0.00000000     0.00000000     0.00000000     0.00000000     0.00000000
  324     0.00000000     0.00000000     0.00000002     0.00000000     0.00000000     0.00000000     0.00000000     0.00000000
  325     0.00000000     0.00000000     0.00000001     0.00000000     0.00000000     0.00000000     0.00000000     0.00000000
  326     0.00000000     0.00000000     0.00000001     0.00000000     0.00000000     0.00000000     0.00000000     0.00000000
  327     0.00000000     0.00000000     0.00000001     0.00000000     0.00000000     0.00000000     0.00000000     0.00000000
  328     0.00000000     0.00000000     0.00000001     0.00000000     0.00000000     0.00000000     0.00000000     0.00000000
  329     0.00000000     0.00000000     0.00000001     0.00000000     0.00000000     0.00000000     0.00000000     0.00000000
  330     0.00000000     0.00000000     0.00000000     0.00000000     0.00000000     0.00000000     0.00000000     0.00000000
  331     0.00000000     0.00000000     0.00000000     0.00000000     0.00000000     0.00000000     0.00000000     0.00000000
  332     0.00000000     0.00000000     0.00000000     0.00000000     0.00000000     0.00000000     0.00000000     0.00000000
  333     0.00000000     0.00000001     0.00000000     0.00000000     0.00000000     0.00000000     0.00000000     0.00000000
  334     0.00000000     0.00000001     0.00000000     0.00000000     0.00000000     0.00000000     0.00000000     0.00000000
  335     0.00000000     0.00000001     0.00000000     0.00000000     0.00000000     0.00000000     0.00000000     0.00000000
  336     0.00000000     0.00000001     0.00000000     0.00000000     0.00000000     0.00000000     0.00000000     0.00000000
  337     0.00000000     0.00000001     0.00000000     0.00000000     0.00000000     0.00000000     0.00000000     0.00000000
  338     0.00000000     0.00000002     0.00000000     0.00000000     0.00000000     0.00000000     0.00000000     0.00000000
  339     0.00000000     0.00000002     0.00000000     0.00000000     0.00000000     0.00000000     0.00000000     0.00000000
  340     0.00000000     0.00000003     0.00000000     0.00000000     0.00000000     0.00000000     0.00000000     0.00000000
  341     0.00000000     0.00000003     0.00000000     0.00000000     0.00000000     0.00000000     0.00000000     0.00000000
  342     0.00000000     0.00000004     0.00000000     0.00000000     0.00000000     0.00000000     0.00000000     0.00000000
  343     0.00000000     0.00000005     0.00000000     0.00000000     0.00000000     0.00000000     0.00000000     0.00000000
  344     0.00000000     0.00000006     0.00000000     0.00000000     0.00000000     0.00000000     0.00000000     0.00000000
  345     0.00000000     0.00000008     0.00000000     0.00000000     0.00000000     0.00000000     0.00000000     0.00000000
  346     0.00000000     0.00000010     0.00000000     0.00000000     0.00000000     0.00000000     0.00000000     0.00000000
  347     0.00000000     0.00000012     0.00000000     0.00000000     0.00000000     0.00000000     0.00000000     0.00000000
  348     0.00000000     0.00000015     0.00000000     0.00000000     0.00000000     0.00000000     0.00000000     0.00000000
  349     0.00000000     0.00000019     0.00000000     0.00000000     0.00000000     0.00000000     0.00000000     0.00000000
  350     0.00000000     0.00000023     0.00000000     0.00000000     0.00000000     0.00000000     0.00000000     0.00000000
  351     0.00000000     0.00000029     0.00000000     0.00000000     0.00000000     0.00000000     0.00000000     0.00000000
  352     0.00000000     0.00000036     0.00000000     0.00000000     0.00000000     0.00000000     0.00000000     0.00000000
  353     0.00000000     0.00000045     0.00000000     0.00000000     0.00000000     0.00000000     0.00000000     0.00000000
  354     0.00000000     0.00000056     0.00000000     0.00000000     0.00000000     0.00000000     0.00000000     0.00000000
  355     0.00000000     0.00000070     0.00000000     0.00000000     0.00000000     0.00000000     0.00000000     0.00000000
  356     0.00000000     0.00000087     0.00000000     0.00000000     0.00000000     0.00000000     0.00000000     0.00000000
  357     0.00000000     0.00000109     0.00000000     0.00000000     0.00000000     0.00000000     0.00000000     0.00000000
  358     0.00000000     0.00000136     0.00000000     0.00000000     0.00000000     0.00000000     0.00000000     0.00000000
  359     0.00000000     0.00000169     0.00000000     0.00000000     0.00000000     0.00000000     0.00000000     0.00000000
  360     0.00000000     0.00000210     0.00000000     0.00000000     0.00000000     0.00000000     0.00000000     0.00000000
  361     0.00000000     0.00000262     0.00000000     0.00000000     0.00000000     0.00000000     0.00000000     0.00000000
  362     0.00000000     0.00000327     0.00000000     0.00000000     0.00000000     0.00000000     0.00000000     0.00000000
  363     0.00000000     0.00000407     0.00000000     0.00000000     0.00000000     0.00000000     0.00000000     0.00000000
  364     0.00000000     0.00000507     0.00000000     0.00000000     0.00000000     0.00000000     0.00000000     0.00000000
  365     0.00000000     0.00000632     0.00000000     0.00000000     0.00000000     0.00000000     0.00000000     0.00000000
  366     0.00000000     0.00000788     0.00000000     0.00000000     0.00000000     0.00000000     0.00000000     0.00000000
  367     0.00000000     0.00000982     0.00000000     0.00000000     0.00000000     0.00000000     0.00000000     0.00000000
  368     0.00000000     0.00001223     0.00000000     0.00000000     0.00000000     0.00000000     0.00000000     0.00000000
  369     0.00000000     0.00001524     0.00000000     0.00000000     0.00000000     0.00000000     0.00000000     0.00000000
  370     0.00000000     0.00001899     0.00000000     0.00000000     0.00000000     0.00000000     0.00000000     0.00000000
  371     0.00000000     0.00002366     0.00000000     0.00000000     0.00000000     0.00000000     0.00000000     0.00000000
  372     0.00000000     0.00002949     0.00000000     0.00000000     0.00000000     0.00000000     0.00000000     0.00000000
  373     0.00000000     0.00003674     0.00000000     0.00000000     0.00000000     0.00000000     0.00000000     0.00000000
  374     0.00000000     0.00004578     0.00000000     0.00000000     0.00000000     0.00000000     0.00000000     0.00000000
  375     0.00000000     0.00005704     0.00000000     0.00000000     0.00000000     0.00000000     0.00000000     0.00000000
  376     0.00000000     0.00007107     0.00000000     0.00000000     0.00000000     0.00000000     0.00000000     0.00000000
  377     0.00000000     0.00008854     0.00000000     0.00000000     0.00000000     0.00000000     0.00000000     0.00000000
  378     0.00000000     0.00011032     0.00000000     0.00000000     0.00000000     0.00000000     0.00000000     0.00000000
  379     0.00000000     0.00013744     0.00000000     0.00000000     0.00000000     0.00000000     0.00000000     0.00000000
  380     0.00000000     0.00017123     0.00000000     0.00000000     0.00000000     0.00000000     0.00000000     0.00000000
  381     0.00000000     0.00021331     0.00000000     0.00000000     0.00000000     0.00000000     0.00000000     0.00000000
  382     0.00000000     0.00026572     0.00000000     0.00000000     0.00000000     0.00000000     0.00000000     0.00000000
  383     0.00000000     0.00033098     0.00000000     0.00000000     0.00000000     0.00000000     0.00000000     0.00000000
  384     0.00000000     0.00041223     0.00000000     0.00000000     0.00000000     0.00000000     0.00000000     0.00000000
  385     0.00000000     0.00051337     0.00000000     0.00000000     0.00000000     0.00000000     0.00000000     0.00000000
  386     0.00000000     0.00063923     0.00000000     0.00000000     0.00000000     0.00000000     0.00000000     0.00000000
  387     0.00000000     0.00079581     0.00000000     0.00000000     0.00000000     0.00000000     0.00000000     0.00000000
  388     0.00000000     0.00099052     0.00000000     0.00000000     0.00000000     0.00000000     0.00000000     0.00000000
  389     0.00000000     0.00123253     0.00000000     0.00000000     0.00000000     0.00000000     0.00000000     0.00000000
  390     0.00000000     0.00153312     0.00000000     0.00000000     0.00000000     0.00000000     0.00000000     0.00000000
  391     0.00000000     0.00190619     0.00000000     0.00000000     0.00000000     0.00000000     0.00000000     0.00000000
  392     0.00000000     0.00236872     0.00000000     0.00000000     0.00000000     0.00000000     0.00000000     0.00000000
  393     0.00000000     0.00294147     0.00000000     0.00000000     0.00000000     0.00000000     0.00000000     0.00000000
  394     0.00000000     0.00364954     0.00000000     0.00000000     0.00000000     0.00000001     0.00000000     0.00000000
  395     0.00000000     0.00452316     0.00000000     0.00000000     0.00000000     0.00000001     0.00000000     0.00000000
  396     0.00000000     0.00559831     0.00000000     0.00000000     0.00000000     0.00000001     0.00000000     0.00000000
  397     0.00000000     0.00691730     0.00000000     0.00000000     0.00000000     0.00000001     0.00000000     0.00000000
  398     0.00000000     0.00852897     0.00000000     0.00000000     0.00000000     0.00000001     0.00000000     0.00000000
  399     0.00000000     0.01048837     0.00000000     0.00000000     0.00000000     0.00000002     0.00000000     0.00000000
  400     0.00000000     0.01285546     0.00000000     0.00000000     0.00000000     0.00000002     0.00000000     0.00000000
  401     0.00000000     0.01569219     0.00000000     0.00000000     0.00000000     0.00000002     0.00000000     0.00000000
  402     0.00000000     0.01905743     0.00000000     0.00000000     0.00000000     0.00000003     0.00000000     0.00000000
  403     0.00000000     0.02299855     0.00000000     0.00000000     0.00000000     0.00000003     0.00000000     0.00000000
  404     0.00000000     0.02753901     0.00000000     0.00000000     0.00000000     0.00000004     0.00000000     0.00000000
  405     0.00000000     0.03266127     0.00000000     0.00000000     0.00000000     0.00000005     0.00000000     0.00000000
  406     0.00000000     0.03828526     0.00000000     0.00000000     0.00000000     0.00000006     0.00000000     0.00000000
  407     0.00000000     0.04424480     0.00000000     0.00000000     0.00000000     0.00000006     0.00000000     0.00000000
  408     0.00000000     0.05026690     0.00000000     0.00000000     0.00000000     0.00000007     0.00000000     0.00000000
  409     0.00000000     0.05596277     0.00000000     0.00000000     0.00000000     0.00000008     0.00000000     0.00000000
  410     0.00000000     0.06084256     0.00000000     0.00000000     0.00000000     0.00000009     0.00000000     0.00000000
  411     0.00000000     0.06436496     0.00000000     0.00000000     0.00000000     0.00000009     0.00000000     0.00000000
  412     0.00000000     0.06602565     0.00000000     0.00000000     0.00000000     0.00000010     0.00000000     0.00000000
  413     0.00000000     0.06547212     0.00000000     0.00000000     0.00000000     0.00000010     0.00000000     0.00000000
  414     0.00000000     0.06261201     0.00000000     0.00000000     0.00000000     0.00000009     0.00000000     0.00000000
  415     0.00000000     0.05767024     0.00000000     0.00000000     0.00000000     0.00000008     0.00000000     0.00000000
  416     0.00000000     0.05116053     0.00000000     0.00000000     0.00000000     0.00000007     0.00000000     0.00000000
  417     0.00000000     0.04377216     0.00000000     0.00000000     0.00000000     0.00000006     0.00000000     0.00000000
  418     0.00000000     0.03621381     0.00000000     0.00000000     0.00000000     0.00000005     0.00000000     0.00000000
  419     0.00000000     0.02907442     0.00000000     0.00000000     0.00000000     0.00000004     0.00000000     0.00000000
  420     0.00000000     0.02274555     0.00000000     0.00000000     0.00000000     0.00000003     0.00000000     0.00000000
  421     0.00000000     0.01741325     0.00000000     0.00000000     0.00000000     0.00000003     0.00000000     0.00000000
  422     0.00000000     0.01309863     0.00000000     0.00000000     0.00000000     0.00000002     0.00000000     0.00000000
  423     0.00000000     0.00971661     0.00000000     0.00000000     0.00000000     0.00000001     0.00000000     0.00000000
  424     0.00000000     0.00713010     0.00000000     0.00000000     0.00000000     0.00000001     0.00000000     0.00000000
  425     0.00000000     0.00518889     0.00000000     0.00000000     0.00000000     0.00000001     0.00000000     0.00000000
  426     0.00000000     0.00375261     0.00000000     0.00000000     0.00000000     0.00000001     0.00000000     0.00000000
  427     0.00000000     0.00270122     0.00000000     0.00000000     0.00000000     0.00000000     0.00000000     0.00000000
  428     0.00000000     0.00193766     0.00000000     0.00000000     0.00000000     0.00000000     0.00000000     0.00000000
  429     0.00000000     0.00138638     0.00000000     0.00000000     0.00000000     0.00000000     0.00000000     0.00000000
  430     0.00000000     0.00099009     0.00000000     0.00000000     0.00000000     0.00000000     0.00000000     0.00000000
  431     0.00000000     0.00070610     0.00000000     0.00000000     0.00000000     0.00000000     0.00000000     0.00000000
  432     0.00000000     0.00050307     0.00000000     0.00000000     0.00000000     0.00000000     0.00000000     0.00000000
  433     0.00000000     0.00035815     0.00000000     0.00000000     0.00000000     0.00000000     0.00000000     0.00000000
  434     0.00000000     0.00025485     0.00000000     0.00000000     0.00000000     0.00000000     0.00000000     0.00000000
  435     0.00000000     0.00018127     0.00000000     0.00000000     0.00000000     0.00000000     0.00000000     0.00000000
  436     0.00000000     0.00012890     0.00000000     0.00000000     0.00000000     0.00000000     0.00000000     0.00000000
  437     0.00000000     0.00009164     0.00000000     0.00000000     0.00000000     0.00000000     0.00000000     0.00000000
  438     0.00000000     0.00006514     0.00000000     0.00000000     0.00000000     0.00000000     0.00000000     0.00000000
  439     0.00000000     0.00004630     0.00000000     0.00000000     0.00000000     0.00000000     0.00000000     0.00000000
  440     0.00000000     0.00003291     0.00000000     0.00000000     0.00000000     0.00000000     0.00000000     0.00000000
  441     0.00000000     0.00002339     0.00000000     0.00000000     0.00000000     0.00000000     0.00000000     0.00000000
  442     0.00000000     0.00001662     0.00000000     0.00000000     0.00000000     0.00000000     0.00000000     0.00000000
  443     0.00000000     0.00001181     0.00000000     0.00000000     0.00000000     0.00000000     0.00000000     0.00000000
  444     0.00000000     0.00000839     0.00000000     0.00000000     0.00000000     0.00000000     0.00000000     0.00000000
  445     0.00000000     0.00000596     0.00000000     0.00000000     0.00000000     0.00000000     0.00000000     0.00000000
  446     0.00000000     0.00000424     0.00000000     0.00000000     0.00000000     0.00000000     0.00000000     0.00000000
  447     0.00000000     0.00000301     0.00000000     0.00000000     0.00000000     0.00000000     0.00000000     0.00000000
  448     0.00000000     0.00000214     0.00000000     0.00000000     0.00000000     0.00000000     0.00000000     0.00000000
  449     0.00000000     0.00000152     0.00000000     0.00000000     0.00000000     0.00000000     0.00000000     0.00000000
  450     0.00000000     0.00000108     0.00000000     0.00000000     0.00000000     0.00000000     0.00000000     0.00000000
  451     0.00000000     0.00000077     0.00000000     0.00000000     0.00000000     0.00000000     0.00000000     0.00000000
  452     0.00000000     0.00000055     0.00000000     0.00000000     0.00000000     0.00000000     0.00000000     0.00000000
  453     0.00000000     0.00000039     0.00000000     0.00000000     0.00000000     0.00000000     0.00000000     0.00000000
  454     0.00000000     0.00000028     0.00000000     0.00000000     0.00000000     0.00000000     0.00000000     0.00000000
  455     0.00000000     0.00000020     0.00000000     0.00000000     0.00000000     0.00000000     0.00000001     0.00000000
  456     0.00000000     0.00000014     0.00000000     0.00000000     0.00000000     0.00000000     0.00000001     0.00000000
  457     0.00000000     0.00000010     0.00000000     0.00000000     0.00000000     0.00000000     0.00000001     0.00000000
  458     0.00000000     0.00000007     0.00000000     0.00000000     0.00000000     0.00000000     0.00000001     0.00000000
  459     0.00000000     0.00000005     0.00000000     0.00000000     0.00000000     0.00000000     0.00000002     0.00000000
  460     0.00000000     0.00000004     0.00000000     0.00000000     0.00000000     0.00000000     0.00000003     0.00000000
  461     0.00000000     0.00000003     0.00000000     0.00000000     0.00000000     0.00000000     0.00000004     0.00000000
  462     0.00000000     0.00000002     0.00000000     0.00000000     0.00000000     0.00000000     0.00000006     0.00000000
  463     0.00000000     0.00000001     0.00000000     0.00000000     0.00000000     0.00000000     0.00000008     0.00000000
  464     0.00000000     0.00000001     0.00000000     0.00000000     0.00000000     0.00000000     0.00000011     0.00000000
  465     0.00000000     0.00000001     0.00000000     0.00000000     0.00000000     0.00000000     0.00000015     0.00000000
  466     0.00000000     0.00000000     0.00000000     0.00000000     0.00000000     0.00000000     0.00000022     0.00000000
  467     0.00000000     0.00000000     0.00000000     0.00000000     0.00000000     0.00000000     0.00000030     0.00000000
  468     0.00000000     0.00000000     0.00000000     0.00000000     0.00000000     0.00000000     0.00000043     0.00000000
  469     0.00000000     0.00000000     0.00000000     0.00000000     0.00000000     0.00000000     0.00000060     0.00000000
  470     0.00000000     0.00000000     0.00000000     0.00000000     0.00000000     0.00000000     0.00000085     0.00000000
  471     0.00000000     0.00000000     0.00000000     0.00000000     0.00000000     0.00000000     0.00000120     0.00000000
  472     0.00000000     0.00000000     0.00000000     0.00000000     0.00000000     0.00000000     0.00000168     0.00000000
  473     0.00000000     0.00000000     0.00000000     0.00000000     0.00000000     0.00000000     0.00000237     0.00000000
  474     0.00000000     0.00000000     0.00000000     0.00000000     0.00000000     0.00000000     0.00000333     0.00000000
  475     0.00000000     0.00000000     0.00000000     0.00000000     0.00000000     0.00000000     0.00000469     0.00000000
  476     0.00000000     0.00000000     0.00000000     0.00000000     0.00000000     0.00000000     0.00000660     0.00000000
  477     0.00000000     0.00000000     0.00000000     0.00000000     0.00000000     0.00000000     0.00000929     0.00000000
  478     0.00000000     0.00000000     0.00000000     0.00000000     0.00000000     0.00000000     0.00001307     0.00000000
  479     0.00000000     0.00000000     0.00000000     0.00000000     0.00000000     0.00000000     0.00001839     0.00000000
  480     0.00000000     0.00000000     0.00000000     0.00000000     0.00000000     0.00000000     0.00002588     0.00000000
  481     0.00000000     0.00000000     0.00000000     0.00000000     0.00000000     0.00000000     0.00003641     0.00000000
  482     0.00000000     0.00000000     0.00000000     0.00000000     0.00000000     0.00000000     0.00005123     0.00000000
  483     0.00000000     0.00000000     0.00000000     0.00000000     0.00000000     0.00000000     0.00007208     0.00000000
  484     0.00000000     0.00000000     0.00000000     0.00000000     0.00000000     0.00000000     0.00010139     0.00000000
  485     0.00000000     0.00000000     0.00000000     0.00000000     0.00000000     0.00000000     0.00014260     0.00000000
  486     0.00000000     0.00000000     0.00000000     0.00000000     0.00000000     0.00000000     0.00020053     0.00000000
  487     0.00000000     0.00000000     0.00000000     0.00000000     0.00000000     0.00000000     0.00028189     0.00000000
  488     0.00000000     0.00000000     0.00000000     0.00000000     0.00000000     0.00000000     0.00039610     0.00000000
  489     0.00000000     0.00000000     0.00000000     0.00000000     0.00000000     0.00000000     0.00055626     0.00000000
  490     0.00000000     0.00000000     0.00000000     0.00000000     0.00000000     0.00000000     0.00078056     0.00000000
  491     0.00000000     0.00000000     0.00000000     0.00000000     0.00000000     0.00000000     0.00109408     0.00000000
  492     0.00000000     0.00000000     0.00000000     0.00000000     0.00000000     0.00000000     0.00153123     0.00000000
  493     0.00000000     0.00000000     0.00000000     0.00000000     0.00000000     0.00000000     0.00213863     0.00000000
  494     0.00000000     0.00000000     0.00000000     0.00000000     0.00000000     0.00000000     0.00297861     0.00000000
  495     0.00000000     0.00000000     0.00000000     0.00000000     0.00000000     0.00000000     0.00413276     0.00000000
  496     0.00000000     0.00000000     0.00000000     0.00000000     0.00000000     0.00000000     0.00570490     0.00000000
  497     0.00000000     0.00000000     0.00000000     0.00000000     0.00000000     0.00000000     0.00782157     0.00000000
  498     0.00000000     0.00000000     0.00000000     0.00000000     0.00000000     0.00000000     0.01062754     0.00000000
  499     0.00000000     0.00000000     0.00000000     0.00000000     0.00000000     0.00000000     0.01427208     0.00000000
  500     0.00000000     0.00000000     0.00000000     0.00000000     0.00000000     0.00000000     0.01888155     0.00000000
  501     0.00000000     0.00000000     0.00000000     0.00000000     0.00000000     0.00000000     0.02451559     0.00000000
  502     0.00000000     0.00000000     0.00000000     0.00000000     0.00000000     0.00000000     0.03110999     0.00000000
  503     0.00000000     0.00000000     0.00000000     0.00000000     0.00000000     0.00000000     0.03842052     0.00000000
  504     0.00000000     0.00000000     0.00000000     0.00000000     0.00000000     0.00000000     0.04599371     0.00000000
  505     0.00000000     0.00000000     0.00000000     0.00000000     0.00000000     0.00000000     0.05319438     0.00000000
  506     0.00000000     0.00000000     0.00000000     0.00000000     0.00000000     0.00000000     0.05930397     0.00000000
  507     0.00000000     0.00000000     0.00000000     0.00000000     0.00000000     0.00000000     0.06367040     0.00000000
  508     0.00000000     0.00000000     0.00000000     0.00000000     0.00000000     0.00000000     0.06585743     0.00000000
  509     0.00000000     0.00000000     0.00000000     0.00000000     0.00000000     0.00000000     0.06573531     0.00000000
  510     0.00000000     0.00000000     0.00000000     0.00000000     0.00000000     0.00000000     0.06348207     0.00000000
  511     0.00000000     0.00000000     0.00000000     0.00000000     0.00000000     0.00000000     0.05950687     0.00000000
  512     0.00000000     0.00000000     0.00000000     0.00000000     0.00000000     0.00000000     0.05433546     0.00000000
