   8.2129552410583673E-002
  0.68963640355455214     
  0.57659317715923530     
 -0.62103843078256449     
 -0.83371242033947002     
   1.6881453810548654E-002
   6.1578895763371999E-002
 -0.57429831830382905     
 -0.87744231621769786     
  0.40972120344973961     
  0.72198914436414652     
 -0.30210458640681614     
  0.30207920274489319     
  0.75091926648147211     
 -0.20064707867463394     
  0.86983677772127799     
 -0.65090313317978044     
  0.53029788313705450     
 -0.58489176654633934     
  0.42631145940705961     
  0.49532128484089671     
  -3.4510901502956645E-002
   7.7540054471735842E-002
 -0.31873209371215294     
  -6.7377798823968590E-002
  0.15955466614478098     
  0.79481465064911971     
   2.8606947443233045E-002
 -0.89795528197296337     
 -0.63564414589863583     
 -0.11313805799808524     
  0.86805497651746577     
 -0.85213513493846571     
 -0.74736093860100072     
  0.37149736448914444     
 -0.88180281176932740     
 -0.34735343621907389     
  -9.1303713305055906E-002
  0.11763437262389992     
 -0.34586755796573149     
 -0.90850038038323944     
  0.74349547939985983     
  0.13679387273455521     
 -0.85478448597293444     
  -2.9789320613323612E-002
  0.31379469675318367     
 -0.71838642254680551     
 -0.27925291728918655     
 -0.71071747983856937     
  0.29297855557261338     
 -0.78546104594546928     
  0.33926989369942961     
   4.7207677333636441E-002
  0.73840819796096457     
  0.15422827280829121     
  0.48510562460570716     
 -0.43501893453448959     
 -0.89593239092387444     
 -0.37469405760170066     
  0.18566401509517122     
  0.30728384241293871     
   4.7935562080725653E-003
 -0.43801750322086802     
  0.77013206129356737     
  0.43045800695105291     
 -0.49876994651098244     
   6.9409151093698537E-002
  0.60977621645146951     
   9.0960869040122586E-002
  0.55533782170721036     
   2.3979758612439023E-002
 -0.41062402668073067     
  0.20064235357739288     
  0.37647761698123039     
  0.89750980420051474     
 -0.64797302346040642     
 -0.64508972516951357     
  0.70080983001190800     
   4.0247938755489958E-003
  0.57838552741735316     
 -0.52416954190137133     
 -0.58373235954656011     
  0.74632218640984216     
  0.48628283313462728     
  0.90635090068248281     
 -0.61728802220494450     
 -0.39182978757540821     
 -0.66907300013338789     
  0.52772929829961335     
  -6.2773466277503465E-002
  0.84680830205804658     
 -0.50877759258158262     
  0.52526356674165209     
 -0.88725326637989077     
  0.47134691064159290     
 -0.55678633872655370     
 -0.44031466968190364     
 -0.51131321162431875     
  0.82363488678409491     
  0.85678254279001220     
 -0.20542129494981284     
  -9.5915847756267922E-002
  0.73705275436867213     
 -0.14724293079625708     
 -0.17241791923872166     
  0.77357138265515335     
 -0.51136397894816454     
  0.83287992413718326     
 -0.78143009845490863     
 -0.19403875546804414     
 -0.43420094328187303     
 -0.20603281044159294     
  0.51683696018510983     
 -0.24453652899923461     
  0.24288593165834890     
 -0.87197252167424077     
  0.16542169851443483     
  0.23362605969764333     
 -0.89350380082794767     
 -0.61405924238554199     
 -0.61392551114502147     
 -0.17057568074461679     
 -0.77074006043391230     
  0.22471672402063561     
 -0.72542374062849135     
 -0.14972393650576496     
  0.52376142536292181     
  0.40847960173516218     
  0.16900497051289984     
  -9.3253749947846548E-002
  0.39152122773696818     
 -0.69905473110180705     
 -0.30920805584987698     
  0.87587204552991027     
 -0.62242354359009155     
  0.21140843269817572     
  0.72649842553587851     
  0.12391677400683838     
   1.5492824651586342E-003
 -0.88325418582421178     
 -0.77902238669562851     
 -0.53218012012873495     
  0.88292156095563712     
 -0.20358180360526673     
 -0.30009576076346800     
  0.78189293821256867     
  0.32986991711122726     
  0.37842622510625046     
  -3.7965277244124594E-002
  0.78634562810339015     
  0.23323101959109355     
  0.32279325984785995     
  0.78315992358906905     
 -0.41990818344353570     
  0.84373347249991693     
 -0.63277216586392515     
 -0.24673501784811958     
 -0.33491203541137649     
 -0.56299181992184688     
 -0.39768550168887995     
 -0.42674056416813805     
  0.28536213836394075     
 -0.72116005462731259     
 -0.49670046380537691     
 -0.19224102079679117     
  0.25941871724689963     
  0.80614422508739558     
 -0.23506776378608091     
 -0.78249126738646668     
  0.40932891049274861     
  0.22925039988044943     
  -5.1887611435958665E-002
  0.33498642822142771     
  0.29701159089683865     
  0.36720313018487222     
 -0.69297078380299348     
  0.61133978409433365     
  0.63535064043977785     
  0.66233962667888324     
   8.4834285980157020E-002
  0.83718932270701985     
 -0.70658269009468755     
 -0.13312752693343330     
 -0.47243917730615609     
  0.83724602387391267     
 -0.70034874842996564     
 -0.37446791225002346     
  0.32831601943480992     
  -2.1603803902058145E-002
 -0.64231949955445944     
 -0.45455435459076571     
 -0.15761122266093136     
 -0.59950704174287528     
  0.40430712109933420     
  0.58448167206020762     
  0.34712102736640277     
  0.26532146256081740     
   4.0186182833409016E-002
  0.89418663232227324     
  -7.3855028053614366E-002
 -0.43318658577879626     
 -0.42414055193974465     
 -0.46070654108461895     
 -0.40411295256852098     
  0.86962876355668861     
  0.69815894057368644     
 -0.63703881878662738     
 -0.77124850287424773     
  0.65494495938259378     
 -0.82419332734639983     
   5.7092251104004170E-002
  0.42786557685544169     
  0.53296426649878748     
 -0.90792457783572322     
 -0.41557263200989969     
 -0.46561547757415944     
  0.35676934627471707     
 -0.80912290441096846     
  0.68147055643412746     
  0.17105544294355876     
  0.24353151180465765     
 -0.31929130347633428     
 -0.73588136979681651     
  0.14816630270594769     
  0.29961006472147916     
 -0.86170884126476410     
   4.6448804739524410E-002
 -0.12205222865831637     
   6.7328240245928556E-003
 -0.90898288973174024     
  0.49975914012410100     
  0.11971781084926396     
  0.75096124292672994     
  0.18853192934853497     
  -5.9692702876326963E-002
  0.30468888493973340     
 -0.83482985089399153     
  0.37258952126772532     
 -0.36543935028216556     
  0.45275365299798931     
 -0.20062455204825211     
 -0.51484483721107899     
 -0.20136463413938221     
  0.71462700331863271     
 -0.23410307474702652     
  0.30675638969765667     
  0.70425695327824089     
 -0.67477641227532192     
 -0.82074818202774924     
  0.91657941757760741     
 -0.42647826632826757     
  0.89305502647602852     
 -0.25252842660959862     
 -0.35970538983713807     
 -0.64943230930602003     
  0.76033122064175074     
  0.70038512069012360     
 -0.55278231330166894     
  0.46134695658975722     
 -0.73531501744378247     
   6.9452446170744614E-002
 -0.20808262355635776     
  -4.6462210829371159E-002
  0.18441043580851760     
 -0.67269022690039915     
 -0.30349024864425500     
 -0.59617914476739264     
 -0.17678632658108043     
 -0.80589786071496583     
  0.72832044500923088     
 -0.14907165331453284     
  0.86245287925125880     
  0.61348025314453758     
  0.47815445713418403     
 -0.75889193404492483     
  -7.1240291103586012E-002
  0.80218338485357443     
 -0.51936862333248124     
  0.33416305255567602     
 -0.25048267927618079     
  0.53224693080600394     
  -4.1214605742226643E-002
 -0.88324023030445331     
 -0.50043318073983845     
  0.72370479420658362     
 -0.88258662848143299     
  0.12602065102491961     
   1.6647946098054003E-002
  -5.0252947562513750E-002
 -0.64191369062163928     
  0.54121120947418688     
 -0.44122089937834758     
  0.19757873238946305     
 -0.18401814285152657     
 -0.64467226832256430     
  0.71755568452023621     
  0.22140388142473502     
 -0.60139345440188496     
  0.31338020682775786     
 -0.27797505320043348     
 -0.72025876980007431     
  0.74973513513566392     
  0.29921524438689406     
  0.50758280229548647     
  0.63618368607197640     
 -0.65737256050467940     
  0.38803971015815969     
  0.23771931254019665     
  0.21629682050901669     
 -0.85679616865182373     
  0.45028704235216932     
  0.57962866753568343     
 -0.86739675948318673     
   3.8576572963940001E-002
 -0.87490911466657351     
 -0.15496934387326247     
 -0.24186179430284294     
 -0.44463154049854003     
   1.3100057385905849E-002
 -0.42294927800508370     
 -0.14807421825273803     
 -0.85407044685962141     
 -0.20627203222516982     
  0.52570629736454200     
 -0.66359595311509567     
 -0.24987621853958880     
   6.8914774059103984E-002
 -0.59599497586097339     
 -0.46718420985819409     
 -0.57227114170142845     
 -0.83459271694407922     
  -2.3751525427097190E-002
 -0.79527287519552103     
  0.14309759199806968     
  0.56415331475529085     
 -0.73194206721553623     
  0.29230891039616991     
  0.15766572610817720     
 -0.53957676537270671     
  0.42630497613410095     
  0.44811932157834250     
   2.9597459688139770E-002
   5.5375502401743486E-002
  0.39810581557137031     
 -0.29406532793805906     
  0.36826616717813021     
 -0.63831975968288635     
 -0.77136223486598043     
  0.69187093500564800     
 -0.17469739405659887     
 -0.71367022607030761     
 -0.81572364548477616     
  0.31981798698973984     
 -0.91916646326008344     
 -0.38339768671974839     
 -0.88726557360991409     
  0.48363875662731137     
  0.72890119242595286     
  0.16226643241722474     
 -0.51109398908952963     
  -2.4939612668269981E-002
   1.6584651772220158E-002
  0.54931661930431885     
 -0.50723830974081796     
  -6.5973016425600772E-002
 -0.67684534555101572     
  0.45672339399638073     
  0.46153376275975294     
 -0.35607915241957405     
 -0.16553103506687353     
 -0.33394888477607504     
 -0.11231171541081006     
  0.34791132735146701     
 -0.85636871218048050     
   6.0794419735372323E-003
  0.75731144396077865     
 -0.49768042699597798     
 -0.56296083207482406     
 -0.76624132831648595     
  -3.7382332107755586E-002
 -0.72909437198292493     
  0.62117644757639656     
 -0.60229287116742325     
  -6.7400655108297486E-002
 -0.61234238379729888     
  0.72041502766697663     
 -0.46353116026093660     
   4.5646746954348658E-002
  0.84138784632066477     
  0.10671785959327935     
   3.2284171956607648E-002
  0.29241473059717338     
 -0.60812561911058371     
  0.12097655477708807     
  0.36934315969114673     
   5.3408982861600292E-002
  0.77882426226945067     
  0.26773269067153277     
  0.12822067827755745     
  0.38607428947784000     
  0.62281627609101198     
 -0.86914911124372896     
 -0.52091109286673420     
  0.18087738170398673     
   7.5041576891034245E-002
  0.91434378726668797     
  0.35061276434156985     
 -0.29473563243039669     
 -0.83549784778069969     
 -0.62941525898910200     
 -0.23724954996564857     
 -0.86248661424784046     
 -0.45448303858822031     
  0.53220242698315201     
 -0.53182178194029017     
  0.84264384309893015     
  -8.7660553446209946E-002
  0.47422383554550934     
  0.53338227277564854     
 -0.12284077046766302     
  0.23387692939534935     
 -0.71937990171323563     
  0.52811400912382211     
 -0.84654765250791131     
 -0.13179867574886964     
 -0.72321777953280664     
  0.64530905759028501     
  0.76007782356645059     
 -0.11103758744545689     
 -0.32018775332034904     
  0.42444372736504948     
 -0.56948805942643921     
  0.68576512039634674     
 -0.73426165041697133     
 -0.81084899342172900     
  0.82533482293105598     
  0.88366647802999065     
  0.43130390924318646     
   7.9218562852138588E-002
 -0.65276361274695549     
  0.86199762162638105     
  0.76493456421437467     
  0.51261305290954184     
  0.36870087612430852     
  0.77686730280977201     
 -0.59086088299359685     
 -0.58422904418678401     
 -0.17918920335713717     
  0.54997791314610378     
 -0.69335318702157289     
 -0.43226508193080565     
  0.19447500281797531     
 -0.70577173154494144     
  0.61266918470880904     
 -0.44704397735506124     
  0.10989389414115366     
 -0.13266611569354386     
  0.29770661973520507     
  0.22131893956037815     
  0.20897852397046079     
 -0.32667476240242399     
 -0.77545933371791598     
  0.62885846671653245     
 -0.28134020152393285     
 -0.11613673657044597     
  0.74095623411970624     
 -0.56109013311129041     
 -0.38066526188262273     
  0.68472142333598240     
  0.31375414882569636     
 -0.73952485931360956     
  0.25617620167970334     
  0.44641224284252867     
 -0.24944392708502222     
  0.24605218635379403     
  0.46751507655105123     
  0.66934309987800522     
 -0.13331576162119960     
 -0.66155976586214227     
 -0.18011290492477483     
  0.83725712235812999     
  0.49084826604334036     
  0.43675941860893797     
 -0.73290258058726121     
  0.61588499798229424     
  0.46106993402825180     
  0.11251983946138176     
  0.10954643466496163     
  0.75598204334630326     
 -0.25475658467371820     
 -0.31347053310524992     
   8.5853918010386613E-004
  0.81889737242702110     
  0.33450336944301529     
  0.88980756603962641     
 -0.48093292419791450     
  0.21782280714591704     
  0.41615678589207455     
 -0.41126224446622195     
  0.58492978709623267     
  -6.5387434025655361E-002
 -0.36475234312051069     
   4.7686120900790191E-003
  0.77486924599269413     
 -0.12680479739497225     
 -0.29999686337935266     
  0.17863570766403808     
  0.20885545167022831     
  -1.0100060181756911E-002
 -0.57174368898614636     
 -0.58016524078750065     
 -0.87980552415412605     
