     0.49950000      0.06395000      0.00000000
     0.51534937      0.04965000      0.10000000
     0.53131020      0.02755000      0.20000000
     0.54734517      0.01925000      0.30000000
     0.56349980      0.01515000      0.40000000
     0.57982152      0.01285000      0.50000000
     0.59636078      0.01155000      0.60000000
     0.61317394      0.01085000      0.70000000
     0.63032478      0.01055000      0.80000000
     0.64788757      0.01065000      0.90000000
     0.68462523      0.01175000      1.10000000
     0.70404601      0.01285000      1.20000000
     0.72439166      0.01445000      1.30000000
     0.74589980      0.01685000      1.40000000
     0.76890387      0.02045000      1.50000000
     0.79390522      0.02565000      1.60000000
     0.82167717      0.03415000      1.70000000
     0.85356065      0.04915000      1.80000000
     0.89124750      0.08825000      1.90000000
     0.89162839      0.08915000      1.90100000
     0.89199879      0.09015000      1.90200000
     0.89238187      0.09105000      1.90300000
     0.89274256      0.09215000      1.90400000
     0.89311598      0.09315000      1.90500000
     0.89346654      0.09435000      1.90600000
     0.89381783      0.09555000      1.90700000
     0.89415772      0.09685000      1.90800000
     0.89448596      0.09825000      1.90900000
     0.89429232      0.10385000      1.91000000
     0.89409736      0.10935000      1.91100000
     0.89388972      0.11485000      1.91200000
     0.89368341      0.12025000      1.91300000
     0.89346641      0.12565000      1.91400000
     0.89323941      0.13105000      1.91500000
     0.89300304      0.13645000      1.91600000
     0.89277178      0.14175000      1.91700000
     0.89251859      0.14715000      1.91800000
     0.89225771      0.15255000      1.91900000
     0.89200394      0.15785000      1.92000000
     0.89172927      0.16325000      1.92100000
     0.89146285      0.16855000      1.92200000
     0.89117614      0.17395000      1.92300000
     0.89088397      0.17935000      1.92400000
     0.89058669      0.18475000      1.92500000
     0.89026977      0.19025000      1.92600000
     0.88996326      0.19565000      1.92700000
     0.88963762      0.20115000      1.92800000
     0.88930807      0.20665000      1.92900000
     0.88897491      0.21215000      1.93000000
     0.88862320      0.21775000      1.93100000
     0.88826834      0.22335000      1.93200000
     0.88791060      0.22895000      1.93300000
     0.88753488      0.23465000      1.93400000
     0.88715672      0.24035000      1.93500000
     0.88676091      0.24615000      1.93600000
     0.88636310      0.25195000      1.93700000
     0.88594799      0.25785000      1.93800000
     0.88553129      0.26375000      1.93900000
     0.88511323      0.26965000      1.94000000
     0.88466286      0.27575000      1.94100000
     0.88422710      0.28175000      1.94200000
     0.88375937      0.28795000      1.94300000
     0.88329106      0.29415000      1.94400000
     0.88280675      0.30045000      1.94500000
     0.88232227      0.30675000      1.94600000
     0.88180656      0.31325000      1.94700000
     0.88129109      0.31975000      1.94800000
     0.88076044      0.32635000      1.94900000
     0.88023043      0.33295000      1.95000000
     0.87967007      0.33975000      1.95100000
     0.87911079      0.34655000      1.95200000
     0.87852166      0.35355000      1.95300000
     0.87791853      0.36065000      1.95400000
     0.87731715      0.36775000      1.95500000
     0.87668675      0.37505000      1.95600000
     0.87604314      0.38245000      1.95700000
     0.87538659      0.38995000      1.95800000
     0.87470201      0.39765000      1.95900000
     0.87400515      0.40545000      1.96000000
     0.87329629      0.41335000      1.96100000
     0.87256051      0.42145000      1.96200000
     0.87179828      0.42975000      1.96300000
     0.87102518      0.43815000      1.96400000
     0.87022649      0.44675000      1.96500000
     0.86940271      0.45555000      1.96600000
     0.86855437      0.46455000      1.96700000
     0.86768202      0.47375000      1.96800000
     0.86677141      0.48325000      1.96900000
     0.86585281      0.49285000      1.97000000
     0.86488263      0.50285000      1.97100000
     0.86389112      0.51305000      1.97200000
     0.86286443      0.52355000      1.97300000
     0.86178906      0.53445000      1.97400000
     0.86069489      0.54555000      1.97500000
     0.85953996      0.55715000      1.97600000
     0.85835413      0.56905000      1.97700000
     0.85711043      0.58145000      1.97800000
     0.85581061      0.59435000      1.97900000
     0.85445651      0.60775000      1.98000000
     0.85305000      0.62165000      1.98100000
     0.85156600      0.63625000      1.98200000
     0.85000734      0.65155000      1.98300000
     0.84836371      0.66765000      1.98400000
     0.84662555      0.68465000      1.98500000
     0.84478404      0.70265000      1.98600000
     0.84281846      0.72185000      1.98700000
     0.84068456      0.74265000      1.98800000
     0.83836617      0.76525000      1.98900000
     0.83577633      0.79045000      1.99000000
     0.83281226      0.81925000      1.99100000
     0.82931336      0.85325000      1.99200000
     0.82508503      0.89455000      1.99300000
     0.81997948      0.94515000      1.99400000
     0.81414037      1.00465000      1.99500000
     0.80817594      1.06795000      1.99600000
     0.80294265      1.12635000      1.99700000
     0.79907554      1.17215000      1.99800000
     0.79688376      1.20065000      1.99900000
     0.99892959      0.01215000      2.00100000
     0.79984339      1.19915000      2.00100000
     0.99777601      0.02125000      2.00200000
     0.80305162      1.16895000      2.00200000
     0.99657825      0.02965000      2.00300000
     0.80804218      1.12115000      2.00300000
     0.99531196      0.03785000      2.00400000
     0.81458459      1.06005000      2.00400000
     0.99398882      0.04595000      2.00500000
     0.82203734      0.99365000      2.00500000
     0.99260592      0.05405000      2.00600000
     0.82953033      0.93065000      2.00600000
     0.99115232      0.06225000      2.00700000
     0.83638203      0.87645000      2.00700000
     0.98963684      0.07055000      2.00800000
     0.84241230      0.83145000      2.00800000
     0.98806667      0.07895000      2.00900000
     0.84777826      0.79345000      2.00900000
     0.98639777      0.08765000      2.01000000
     0.85267297      0.76035000      2.01000000
     0.98465944      0.09655000      2.01100000
     0.85726125      0.73055000      2.01100000
     0.98280538      0.10585000      2.01200000
     0.86169360      0.70275000      2.01200000
     0.98086471      0.11545000      2.01300000
     0.86602416      0.67645000      2.01300000
     0.97881600      0.12545000      2.01400000
     0.87033026      0.65105000      2.01400000
     0.97661236      0.13605000      2.01500000
     0.87463639      0.62635000      2.01500000
     0.97423299      0.14735000      2.01600000
     0.87901827      0.60185000      2.01600000
     0.97165816      0.15945000      2.01700000
     0.88351064      0.57735000      2.01700000
     0.96884438      0.17255000      2.01800000
     0.88815189      0.55265000      2.01800000
     0.96572574      0.18695000      2.01900000
     0.89303698      0.52725000      2.01900000
     0.96216652      0.20325000      2.02000000
     0.89828993      0.50055000      2.02000000
     0.95796788      0.22235000      2.02100000
     0.90412497      0.47155000      2.02100000
     0.95271146      0.24615000      2.02200000
     0.91096134      0.43835000      2.02200000
     0.94491875      0.28135000      2.02300000
     0.92026910      0.39425000      2.02300000
