0.5000000635 0.0010000000  
0.5000001242 0.0020000000  
0.5000002297 0.0030000000  
0.5000007199 0.0040000000  
0.5000011991 0.0050000000  
0.5000018795 0.0060000000  
0.5000026123 0.0070000000  
0.5000037657 0.0080000000  
0.5000055653 0.0090000000  
0.5000075135 0.0100000000  
0.5000098904 0.0110000000  
0.5000116484 0.0120000000  
0.5000141960 0.0130000000  
0.5000163583 0.0140000000  
0.5000203670 0.0150000000  
0.5000230764 0.0160000000  
0.5000259622 0.0170000000  
0.5000290247 0.0180000000  
0.5000322641 0.0190000000  
0.5000356809 0.0200000000  
0.5000509095 0.0210000000  
0.5000595376 0.0220000000  
0.5000650030 0.0230000000  
0.5000684892 0.0240000000  
0.5000766769 0.0250000000  
0.5000828866 0.0260000000  
0.5000893457 0.0270000000  
0.5000960549 0.0280000000  
0.5001030150 0.0290000000  
0.5001067546 0.0300000000  
0.5001443597 0.0310000000  
0.5001496784 0.0320000000  
0.5001591939 0.0330000000  
0.5001643636 0.0340000000  
0.5001742102 0.0350000000  
0.5001843549 0.0360000000  
0.5001893272 0.0370000000  
0.5001997695 0.0380000000  
0.5002105051 0.0390000000  
0.5002151773 0.0400000000  
0.5002740425 0.0410000000  
0.5002877245 0.0420000000  
0.5003153530 0.0430000000  
0.5003217538 0.0440000000  
0.5003277952 0.0450000000  
0.5003427700 0.0460000000  
0.5003581018 0.0470000000  
0.5003737926 0.0480000000  
0.5003687413 0.0490000000  
0.5003842655 0.0500000000  
0.5004581344 0.0510000000  
0.5004767095 0.0520000000  
0.5004829138 0.0530000000  
0.5004886367 0.0540000000  
0.5005074035 0.0550000000  
0.5005125002 0.0560000000  
0.5005170628 0.0570000000  
0.5005602624 0.0580000000  
0.5005804298 0.0590000000  
0.5006889163 0.0600000000  
0.5006760606 0.0610000000  
0.5006993013 0.0620000000  
0.5007035219 0.0630000000  
0.5007270022 0.0640000000  
0.5007099152 0.0650000000  
0.5007120452 0.0660000000  
0.5008222501 0.0670000000  
0.5008909685 0.0680000000  
0.5008934205 0.0690000000  
0.5009210084 0.0700000000  
0.5009223347 0.0710000000  
0.5009227965 0.0720000000  
0.5008947400 0.0730000000  
0.5008928279 0.0740000000  
0.5009187535 0.0750000000  
0.5010883772 0.0760000000  
0.5010856561 0.0770000000  
0.5010818771 0.0780000000  
0.5010422172 0.0790000000  
0.5008965552 0.0800000000  
0.5008860181 0.0810000000  
0.5007684010 0.0820000000  
0.5006632688 0.0830000000  
0.5004122270 0.0840000000  
