0.8428682861 0.0060000000  
0.8429084699 0.0070000000  
0.8429336660 0.0080000000  
0.8429462020 0.0090000000  
0.8429485128 0.0100000000  
0.8429427526 0.0110000000  
0.8429306753 0.0120000000  
0.8429136434 0.0130000000  
0.8428926848 0.0140000000  
0.8428685622 0.0150000000  
0.8428418356 0.0160000000  
0.8428129146 0.0170000000  
0.8427820986 0.0180000000  
0.8427496075 0.0190000000  
0.8427156038 0.0200000000  
0.8433520960 0.0210000000  
0.8433153266 0.0220000000  
0.8432772964 0.0230000000  
0.8432380727 0.0240000000  
0.8431977086 0.0250000000  
0.8431562473 0.0260000000  
0.8431137247 0.0270000000  
0.8430701715 0.0280000000  
0.8430256149 0.0290000000  
0.8429800790 0.0300000000  
0.8429335861 0.0310000000  
0.8435589216 0.0320000000  
0.8435103635 0.0330000000  
0.8434609041 0.0340000000  
0.8434105604 0.0350000000  
0.8433593487 0.0360000000  
0.8433072849 0.0370000000  
0.8432543845 0.0380000000  
0.8432006621 0.0390000000  
0.8431461323 0.0400000000  
0.8437642357 0.0410000000  
0.8437078948 0.0420000000  
0.8436507845 0.0430000000  
0.8435929176 0.0440000000  
0.8435343069 0.0450000000  
0.8434749645 0.0460000000  
0.8434149023 0.0470000000  
0.8440285120 0.0480000000  
0.8439667868 0.0490000000  
0.8439043734 0.0500000000  
0.8438412830 0.0510000000  
0.8437775260 0.0520000000  
0.8437131129 0.0530000000  
0.8436480538 0.0540000000  
0.8442575712 0.0550000000  
0.8441909729 0.0560000000  
0.8441237556 0.0570000000  
0.8440559288 0.0580000000  
0.8439875016 0.0590000000  
0.8439184828 0.0600000000  
0.8438488814 0.0610000000  
0.8444546440 0.0620000000  
0.8443836094 0.0630000000  
0.8443120156 0.0640000000  
0.8442398707 0.0650000000  
0.8441671826 0.0660000000  
0.8440939592 0.0670000000  
0.8446970837 0.0680000000  
0.8446225059 0.0690000000  
0.8445474139 0.0700000000  
0.8444718149 0.0710000000  
0.8443957160 0.0720000000  
0.8443191243 0.0730000000  
0.8449198006 0.0740000000  
0.8448419250 0.0750000000  
0.8447635755 0.0760000000  
0.8446847588 0.0770000000  
0.8446054812 0.0780000000  
0.8445257492 0.0790000000  
0.8444455690 0.0800000000  
0.8450431958 0.0810000000  
0.8449618061 0.0820000000  
0.8448799850 0.0830000000  
0.8447977386 0.0840000000  
0.8447150726 0.0850000000  
0.8453113494 0.0860000000  
0.8452275204 0.0870000000  
0.8451432874 0.0880000000  
0.8450586560 0.0890000000  
0.8449736315 0.0900000000  
0.8448882192 0.0910000000  
0.8454825154 0.0920000000  
0.8453959924 0.0930000000  
0.8453090960 0.0940000000  
0.8452218312 0.0950000000  
0.8451342029 0.0960000000  
0.8450462160 0.0970000000  
0.8456386616 0.0980000000  
0.8455496120 0.0990000000  
0.8454602169 0.1000000000  
0.8453704811 0.1010000000  
0.8452804090 0.1020000000  
0.8451900050 0.1030000000  
0.8457807203 0.1040000000  
0.8456892977 0.1050000000  
0.8455975556 0.1060000000  
0.8455054981 0.1070000000  
0.8454131295 0.1080000000  
0.8460029044 0.1090000000  
0.8459095504 0.1100000000  
0.8458158968 0.1110000000  
0.8457219474 0.1120000000  
0.8456277063 0.1130000000  
0.8455331773 0.1140000000  
0.8461214226 0.1150000000  
0.8460259464 0.1160000000  
0.8459301929 0.1170000000  
0.8458341659 0.1180000000  
0.8457378690 0.1190000000  
0.8463253356 0.1200000000  
0.8462281203 0.1210000000  
0.8461306452 0.1220000000  
0.8460329137 0.1230000000  
0.8459349292 0.1240000000  
0.8465216866 0.1250000000  
0.8464228109 0.1260000000  
0.8463236918 0.1270000000  
0.8462243325 0.1280000000  
0.8461247363 0.1290000000  
0.8460249063 0.1300000000  
0.8466103890 0.1310000000  
0.8465096991 0.1320000000  
0.8464087844 0.1330000000  
0.8463076478 0.1340000000  
0.8462062925 0.1350000000  
0.8467912055 0.1360000000  
0.8466890141 0.1370000000  
0.8465866123 0.1380000000  
0.8464840030 0.1390000000  
0.8463811891 0.1400000000  
0.8469655935 0.1410000000  
0.8468619659 0.1420000000  
0.8467581418 0.1430000000  
0.8466541237 0.1440000000  
0.8465499144 0.1450000000  
0.8471338691 0.1460000000  
0.8470288674 0.1470000000  
0.8469236821 0.1480000000  
0.8468183158 0.1490000000  
0.8467127709 0.1500000000  
0.8466070501 0.1510000000  
0.8471900161 0.1520000000  
0.8470835278 0.1530000000  
0.8469768706 0.1540000000  
0.8468700470 0.1550000000  
0.8467630594 0.1560000000  
0.8473456956 0.1570000000  
0.8472379593 0.1580000000  
0.8471300658 0.1590000000  
0.8470220175 0.1600000000  
0.8469138164 0.1610000000  
0.8474961763 0.1620000000  
0.8473872445 0.1630000000  
0.8472781665 0.1640000000  
0.8471689446 0.1650000000  
0.8470595809 0.1660000000  
0.8476417167 0.1670000000  
0.8475316391 0.1680000000  
0.8474214259 0.1690000000  
0.8473110793 0.1700000000  
0.8472006010 0.1710000000  
0.8477825639 0.1720000000  
0.8476713879 0.1730000000  
0.8475600865 0.1740000000  
0.8474486614 0.1750000000  
0.8473371146 0.1760000000  
0.8479189545 0.1770000000  
0.8478067254 0.1780000000  
0.8476943803 0.1790000000  
0.8475819210 0.1800000000  
0.8474693495 0.1810000000  
0.8473566674 0.1820000000  
0.8479378761 0.1830000000  
0.8478245299 0.1840000000  
0.8477110787 0.1850000000  
0.8475975241 0.1860000000  
0.8474838679 0.1870000000  
0.8480650558 0.1880000000  
0.8479507492 0.1890000000  
0.8478363462 0.1900000000  
0.8477218483 0.1910000000  
0.8476072573 0.1920000000  
0.8481884718 0.1930000000  
0.8480732435 0.1940000000  
0.8479579270 0.1950000000  
0.8478425239 0.1960000000  
0.8477270358 0.1970000000  
0.8483083234 0.1980000000  
0.8481922103 0.1990000000  
0.8480760171 0.2000000000  
0.8479597450 0.2010000000  
0.8478433957 0.2020000000  
0.8484248024 0.2030000000  
0.8483078401 0.2040000000  
0.8481908050 0.2050000000  
0.8480736987 0.2060000000  
0.8479565225 0.2070000000  
0.8485380939 0.2080000000  
0.8484203160 0.2090000000  
0.8483024727 0.2100000000  
0.8481845652 0.2110000000  
0.8480665950 0.2120000000  
0.8486483763 0.2130000000  
0.8485298152 0.2140000000  
0.8484111956 0.2150000000  
0.8482925187 0.2160000000  
0.8481737859 0.2170000000  
0.8480549984 0.2180000000  
0.8486365086 0.2190000000  
0.8485171433 0.2200000000  
0.8483977273 0.2210000000  
0.8482782620 0.2220000000  
0.8481587484 0.2230000000  
0.8487405613 0.2240000000  
0.8486204797 0.2250000000  
0.8485003537 0.2260000000  
0.8483801846 0.2270000000  
0.8482599735 0.2280000000  
0.8488421335 0.2290000000  
0.8487213635 0.2300000000  
0.8486005553 0.2310000000  
0.8484797100 0.2320000000  
0.8483588286 0.2330000000  
0.8489413798 0.2340000000  
0.8488199485 0.2350000000  
0.8486984847 0.2360000000  
0.8485769896 0.2370000000  
0.8484554641 0.2380000000  
0.8490384507 0.2390000000  
0.8489163837 0.2400000000  
0.8487942899 0.2410000000  
0.8486721702 0.2420000000  
0.8485500257 0.2430000000  
0.8484278573 0.2440000000  
0.8490108138 0.2450000000  
0.8488881144 0.2460000000  
0.8487653945 0.2470000000  
0.8486426549 0.2480000000  
0.8485198968 0.2490000000  
0.8491033796 0.2500000000  
0.8489800980 0.2510000000  
0.8488568010 0.2520000000  
0.8487334895 0.2530000000  
0.8486101644 0.2540000000  
0.8491942179 0.2550000000  
0.8490703765 0.2560000000  
0.8489465248 0.2570000000  
0.8488226634 0.2580000000  
0.8486987932 0.2590000000  
0.8492834618 0.2600000000  
0.8491590823 0.2610000000  
0.8490346971 0.2620000000  
0.8489103070 0.2630000000  
0.8487859127 0.2640000000  
0.8486615152 0.2650000000  
0.8492463442 0.2660000000  
0.8491214461 0.2670000000  
0.8489965475 0.2680000000  
0.8488716494 0.2690000000  
0.8487467523 0.2700000000  
0.8493322883 0.2710000000  
0.8492068968 0.2720000000  
0.8490815094 0.2730000000  
0.8489561265 0.2740000000  
0.8488307491 0.2750000000  
0.8487053778 0.2760000000  
0.8492911715 0.2770000000  
0.8491653138 0.2780000000  
0.8490394649 0.2790000000  
0.8489136254 0.2800000000  
0.8487877962 0.2810000000  
0.8493743897 0.2820000000  
0.8492480796 0.2830000000  
0.8491217824 0.2840000000  
0.8489954986 0.2850000000  
0.8488692289 0.2860000000  
0.8494566685 0.2870000000  
0.8493299232 0.2880000000  
0.8492031947 0.2890000000  
0.8490764834 0.2900000000  
0.8489497901 0.2910000000  
0.8488231153 0.2920000000  
0.8494109587 0.2930000000  
0.8492838152 0.2940000000  
0.8491566927 0.2950000000  
0.8490295918 0.2960000000  
0.8489025130 0.2970000000  
0.8494912981 0.2980000000  
0.8493637554 0.2990000000  
0.8492362371 0.3000000000  
0.8491087440 0.3010000000  
0.8489812766 0.3020000000  
0.8488538353 0.3030000000  
0.8494431246 0.3040000000  
0.8493152256 0.3050000000  
0.8491873551 0.3060000000  
0.8490595136 0.3070000000  
0.8489317017 0.3080000000  
0.8488039198 0.3090000000  
0.8493937653 0.3100000000  
0.8492655316 0.3110000000  
0.8491373302 0.3120000000  
0.8490091615 0.3130000000  
0.8488810261 0.3140000000  
0.8494719619 0.3150000000  
0.8493433786 0.3160000000  
0.8492148307 0.3170000000  
0.8490863188 0.3180000000  
0.8489578431 0.3190000000  
0.8488294043 0.3200000000  
0.8494209998 0.3210000000  
0.8492921185 0.3220000000  
0.8491632760 0.3230000000  
0.8490344728 0.3240000000  
0.8489057094 0.3250000000  
0.8487769863 0.3260000000  
0.8493692955 0.3270000000  
0.8492401348 0.3280000000  
0.8491110163 0.3290000000  
0.8489819405 0.3300000000  
0.8488529076 0.3310000000  
0.8494464628 0.3320000000  
0.8493169957 0.3330000000  
0.8491875736 0.3340000000  
0.8490581968 0.3350000000  
0.8489288658 0.3360000000  
0.8487995810 0.3370000000  
0.8493939584 0.3380000000  
0.8492642438 0.3390000000  
0.8491345773 0.3400000000  
0.8490049592 0.3410000000  
0.8488753898 0.3420000000  
0.8487458697 0.3430000000  
0.8493411256 0.3440000000  
0.8492111799 0.3450000000  
0.8490812852 0.3460000000  
0.8489514418 0.3470000000  
0.8488216501 0.3480000000  
0.8486919104 0.3490000000  
0.8492881023 0.3500000000  
0.8491579411 0.3510000000  
0.8490278336 0.3520000000  
0.8488977803 0.3530000000  
0.8487677813 0.3540000000  
0.8486378371 0.3550000000  
0.8492350237 0.3560000000  
0.8491046617 0.3570000000  
0.8489743562 0.3580000000  
0.8488441075 0.3590000000  
0.8487139158 0.3600000000  
0.8485837814 0.3610000000  
0.8491820223 0.3620000000  
0.8490514737 0.3630000000  
0.8489209842 0.3640000000  
0.8487905539 0.3650000000  
0.8486601832 0.3660000000  
0.8485298723 0.3670000000  
0.8491292286 0.3680000000  
0.8489985068 0.3690000000  
0.8488678465 0.3700000000  
0.8487372478 0.3710000000  
0.8486067112 0.3720000000  
0.8484762368 0.3730000000  
0.8490767711 0.3740000000  
0.8489458888 0.3750000000  
0.8488150703 0.3760000000  
0.8486843158 0.3770000000  
0.8485536257 0.3780000000  
0.8484230001 0.3790000000  
0.8490247764 0.3800000000  
0.8488937457 0.3810000000  
0.8487627811 0.3820000000  
0.8486318827 0.3830000000  
0.8485010509 0.3840000000  
0.8483702858 0.3850000000  
0.8482395877 0.3860000000  
0.8488422022 0.3870000000  
0.8487111029 0.3880000000  
0.8485800720 0.3890000000  
0.8484491097 0.3900000000  
0.8483182162 0.3910000000  
0.8481873918 0.3920000000  
0.8487913820 0.3930000000  
0.8486601587 0.3940000000  
0.8485290059 0.3950000000  
0.8483979238 0.3960000000  
0.8482669125 0.3970000000  
0.8481359723 0.3980000000  
0.8487414075 0.3990000000  
0.8486100706 0.4000000000  
0.8484788061 0.4010000000  
0.8483476142 0.4020000000  
0.8482164951 0.4030000000  
0.8480854489 0.4040000000  
0.8479544759 0.4050000000  
0.8485609598 0.4060000000  
0.8484295932 0.4070000000  
0.8482983011 0.4080000000  
0.8481670837 0.4090000000  
0.8480359410 0.4100000000  
0.8479048733 0.4110000000  
0.8477738807 0.4120000000  
0.8483814880 0.4130000000  
0.8482501047 0.4140000000  
0.8481187978 0.4150000000  
0.8479875675 0.4160000000  
0.8478564139 0.4170000000  
0.8477253372 0.4180000000  
0.8483346106 0.4190000000  
0.8482031447 0.4200000000  
0.8480717569 0.4210000000  
0.8479404474 0.4220000000  
0.8478092162 0.4230000000  
0.8476780635 0.4240000000  
0.8475469894 0.4250000000  
0.8481575413 0.4260000000  
0.8480260806 0.4270000000  
0.8478946997 0.4280000000  
0.8477633988 0.4290000000  
0.8476321780 0.4300000000  
0.8475010373 0.4310000000  
0.8473699771 0.4320000000  
0.8479818889 0.4330000000  
0.8478504441 0.4340000000  
0.8477190809 0.4350000000  
0.8475877992 0.4360000000  
0.8474565993 0.4370000000  
0.8473254812 0.4380000000  
0.8471944451 0.4390000000  
0.8478078011 0.4400000000  
0.8476763824 0.4410000000  
0.8475450469 0.4420000000  
0.8474137945 0.4430000000  
0.8472826254 0.4440000000  
0.8471515396 0.4450000000  
0.8470205373 0.4460000000  
0.8476354246 0.4470000000  
0.8475040416 0.4480000000  
0.8473727431 0.4490000000  
0.8472415293 0.4500000000  
0.8471104002 0.4510000000  
0.8469793559 0.4520000000  
0.8468483966 0.4530000000  
0.8474649054 0.4540000000  
0.8473335668 0.4550000000  
0.8472023142 0.4560000000  
0.8470711477 0.4570000000  
0.8469400673 0.4580000000  
0.8468090731 0.4590000000  
0.8466781651 0.4600000000  
0.8472963891 0.4610000000  
0.8471651032 0.4620000000  
0.8470339047 0.4630000000  
0.8469027936 0.4640000000  
0.8467717699 0.4650000000  
0.8466408337 0.4660000000  
0.8465099851 0.4670000000  
0.8463792240 0.4680000000  
0.8469987960 0.4690000000  
0.8468676592 0.4700000000  
0.8467366110 0.4710000000  
0.8466056515 0.4720000000  
0.8464747808 0.4730000000  
0.8463439988 0.4740000000  
0.8462133056 0.4750000000  
0.8468347911 0.4760000000  
0.8467037231 0.4770000000  
0.8465727448 0.4780000000  
0.8464418564 0.4790000000  
0.8463110580 0.4800000000  
0.8461803494 0.4810000000  
0.8460497309 0.4820000000  
0.8459192023 0.4830000000  
0.8465422426 0.4840000000  
0.8464113408 0.4850000000  
0.8462805299 0.4860000000  
0.8461498101 0.4870000000  
0.8460191813 0.4880000000  
0.8458886435 0.4890000000  
0.8457581968 0.4900000000  
0.8456278413 0.4910000000  
0.8462525463 0.4920000000  
0.8461218189 0.4930000000  
0.8459911835 0.4940000000  
0.8458606402 0.4950000000  
0.8457301890 0.4960000000  
0.8455998299 0.4970000000  
0.8454695629 0.4980000000  
0.8453393880 0.4990000000  
0.8459658725 0.5000000000  
0.8458353269 0.5010000000  
0.8457048744 0.5020000000  
0.8455745149 0.5030000000  
0.8454442485 0.5040000000  
0.8453140752 0.5050000000  
0.8451839950 0.5060000000  
0.8450540079 0.5070000000  
0.8456823915 0.5080000000  
0.8455520346 0.5090000000  
0.8454217716 0.5100000000  
0.8452916027 0.5110000000  
0.8451615277 0.5120000000  
0.8450315468 0.5130000000  
0.8449016598 0.5140000000  
0.8447718668 0.5150000000  
0.8454022749 0.5160000000  
0.8452721128 0.5170000000  
0.8451420455 0.5180000000  
0.8450120731 0.5190000000  
0.8448821955 0.5200000000  
0.8447524128 0.5210000000  
0.8446227249 0.5220000000  
0.8444931318 0.5230000000  
0.8443636335 0.5240000000  
0.8449957342 0.5250000000  
0.8448658680 0.5260000000  
0.8447360976 0.5270000000  
0.8446064228 0.5280000000  
0.8444768436 0.5290000000  
0.8443473600 0.5300000000  
0.8442179719 0.5310000000  
0.8440886795 0.5320000000  
0.8447230740 0.5330000000  
0.8445934138 0.5340000000  
0.8444638502 0.5350000000  
0.8443343828 0.5360000000  
0.8442050119 0.5370000000  
0.8440757373 0.5380000000  
0.8439465589 0.5390000000  
0.8438174768 0.5400000000  
0.8436884910 0.5410000000  
0.8443248609 0.5420000000  
0.8441955082 0.5430000000  
0.8440662526 0.5440000000  
0.8439370941 0.5450000000  
0.8438080325 0.5460000000  
0.8436790679 0.5470000000  
0.8435502002 0.5480000000  
0.8434214294 0.5490000000  
0.8432927555 0.5500000000  
0.8439312535 0.5510000000  
0.8438022133 0.5520000000  
0.8436732707 0.5530000000  
0.8435444258 0.5540000000  
0.8434156784 0.5550000000  
0.8432870286 0.5560000000  
0.8431584763 0.5570000000  
0.8430300214 0.5580000000  
0.8429016639 0.5590000000  
0.8435424512 0.5600000000  
0.8434137277 0.5610000000  
0.8432851024 0.5620000000  
0.8431565753 0.5630000000  
0.8430281463 0.5640000000  
0.8428998153 0.5650000000  
0.8427715823 0.5660000000  
0.8426434473 0.5670000000  
0.8425154102 0.5680000000  
0.8423874710 0.5690000000  
0.8430302542 0.5700000000  
0.8429019498 0.5710000000  
0.8427737440 0.5720000000  
0.8426456368 0.5730000000  
0.8425176281 0.5740000000  
0.8423897178 0.5750000000  
0.8422619060 0.5760000000  
0.8421341925 0.5770000000  
0.8420065773 0.5780000000  
0.8426520006 0.5790000000  
0.8425240200 0.5800000000  
0.8423961384 0.5810000000  
0.8422683558 0.5820000000  
0.8421406721 0.5830000000  
0.8420130874 0.5840000000  
0.8418856014 0.5850000000  
0.8417582142 0.5860000000  
0.8416309257 0.5870000000  
0.8415037358 0.5880000000  
0.8421515267 0.5890000000  
0.8420239716 0.5900000000  
0.8418965159 0.5910000000  
0.8417691594 0.5920000000  
0.8416419023 0.5930000000  
0.8415147443 0.5940000000  
0.8413876854 0.5950000000  
0.8412607255 0.5960000000  
0.8411338646 0.5970000000  
0.8410071026 0.5980000000  
0.8408804395 0.5990000000  
0.8415303377 0.6000000000  
0.8414033100 0.6010000000  
0.8412763820 0.6020000000  
0.8411495534 0.6030000000  
0.8410228243 0.6040000000  
0.8408961945 0.6050000000  
0.8407696639 0.6060000000  
0.8406432326 0.6070000000  
0.8405169004 0.6080000000  
0.8403906673 0.6090000000  
0.8410433538 0.6100000000  
0.8409167558 0.6110000000  
0.8407902576 0.6120000000  
0.8406638591 0.6130000000  
0.8405375602 0.6140000000  
0.8404113608 0.6150000000  
0.8402852609 0.6160000000  
0.8401592605 0.6170000000  
0.8400333593 0.6180000000  
0.8399075573 0.6190000000  
0.8397818545 0.6200000000  
0.8404370972 0.6210000000  
0.8403110296 0.6220000000  
0.8401850619 0.6230000000  
0.8400591940 0.6240000000  
0.8399334258 0.6250000000  
0.8398077571 0.6260000000  
0.8396821881 0.6270000000  
0.8395567184 0.6280000000  
0.8394313482 0.6290000000  
0.8393060772 0.6300000000  
0.8391809054 0.6310000000  
0.8390558328 0.6320000000  
0.8397134161 0.6330000000  
0.8395879792 0.6340000000  
0.8394626420 0.6350000000  
0.8393374046 0.6360000000  
0.8392122669 0.6370000000  
0.8390872287 0.6380000000  
0.8389622899 0.6390000000  
0.8388374506 0.6400000000  
0.8387127105 0.6410000000  
0.8385880697 0.6420000000  
0.8384635279 0.6430000000  
0.8391241829 0.6440000000  
0.8389992763 0.6450000000  
0.8388744694 0.6460000000  
0.8387497622 0.6470000000  
0.8386251547 0.6480000000  
0.8385006467 0.6490000000  
0.8383762381 0.6500000000  
0.8382519289 0.6510000000  
0.8381277190 0.6520000000  
0.8380036082 0.6530000000  
0.8378795965 0.6540000000  
0.8377556838 0.6550000000  
0.8376318700 0.6560000000  
0.8382949560 0.6570000000  
0.8381707778 0.6580000000  
0.8380466991 0.6590000000  
0.8379227198 0.6600000000  
0.8377988400 0.6610000000  
0.8376750594 0.6620000000  
0.8375513780 0.6630000000  
0.8374277957 0.6640000000  
0.8373043124 0.6650000000  
0.8371809281 0.6660000000  
0.8370576425 0.6670000000  
0.8369344557 0.6680000000  
0.8376007472 0.6690000000  
0.8374771952 0.6700000000  
0.8373537426 0.6710000000  
0.8372303892 0.6720000000  
0.8371071350 0.6730000000  
0.8369839799 0.6740000000  
0.8368609238 0.6750000000  
0.8367379666 0.6760000000  
0.8366151082 0.6770000000  
0.8364923485 0.6780000000  
0.8363696874 0.6790000000  
0.8362471249 0.6800000000  
0.8361246607 0.6810000000  
0.8367940294 0.6820000000  
0.8366711996 0.6830000000  
0.8365484688 0.6840000000  
0.8364258370 0.6850000000  
0.8363033041 0.6860000000  
0.8361808699 0.6870000000  
0.8360585343 0.6880000000  
0.8359362973 0.6890000000  
0.8358141588 0.6900000000  
0.8356921187 0.6910000000  
0.8355701767 0.6920000000  
0.8354483330 0.6930000000  
0.8353265873 0.6940000000  
0.8352049396 0.6950000000  
0.8358772844 0.6960000000  
0.8357552708 0.6970000000  
0.8356333558 0.6980000000  
0.8355115393 0.6990000000  
0.8353898211 0.7000000000  
0.8352682013 0.7010000000  
0.8351466796 0.7020000000  
0.8350252560 0.7030000000  
0.8349039303 0.7040000000  
0.8347827026 0.7050000000  
0.8346615726 0.7060000000  
0.8345405403 0.7070000000  
0.8344196056 0.7080000000  
0.8342987683 0.7090000000  
0.8341780285 0.7100000000  
0.8348532775 0.7110000000  
0.8347321716 0.7120000000  
0.8346111636 0.7130000000  
0.8344902536 0.7140000000  
0.8343694413 0.7150000000  
0.8342487266 0.7160000000  
0.8341281095 0.7170000000  
0.8340075899 0.7180000000  
0.8338871677 0.7190000000  
0.8337668427 0.7200000000  
0.8336466148 0.7210000000  
0.8335264841 0.7220000000  
0.8334064502 0.7230000000  
0.8332865132 0.7240000000  
0.8331666730 0.7250000000  
0.8338452470 0.7260000000  
0.8337250398 0.7270000000  
0.8336049298 0.7280000000  
0.8334849172 0.7290000000  
0.8333650016 0.7300000000  
0.8332451831 0.7310000000  
0.8331254614 0.7320000000  
0.8330058366 0.7330000000  
0.8328863085 0.7340000000  
0.8327668770 0.7350000000  
0.8326475420 0.7360000000  
0.8325283033 0.7370000000  
0.8324091610 0.7380000000  
0.8322901148 0.7390000000  
0.8321711648 0.7400000000  
0.8320523107 0.7410000000  
0.8327341919 0.7420000000  
0.8326149696 0.7430000000  
0.8324958439 0.7440000000  
0.8323768146 0.7450000000  
0.8322578817 0.7460000000  
0.8321390449 0.7470000000  
0.8320203043 0.7480000000  
0.8319016598 0.7490000000  
0.8317831111 0.7500000000  
0.8316646582 0.7510000000  
0.8315463011 0.7520000000  
0.8314280395 0.7530000000  
0.8313098734 0.7540000000  
0.8311918027 0.7550000000  
0.8310738273 0.7560000000  
0.8309559470 0.7570000000  
0.8308381619 0.7580000000  
0.8315233492 0.7590000000  
0.8314051942 0.7600000000  
0.8312871348 0.7610000000  
0.8311691709 0.7620000000  
0.8310513024 0.7630000000  
0.8309335292 0.7640000000  
0.8308158513 0.7650000000  
0.8306982684 0.7660000000  
0.8305807804 0.7670000000  
0.8304633874 0.7680000000  
0.8303460891 0.7690000000  
0.8302288855 0.7700000000  
0.8301117765 0.7710000000  
0.8299947618 0.7720000000  
0.8298778416 0.7730000000  
0.8297610156 0.7740000000  
0.8296442837 0.7750000000  
0.8295276458 0.7760000000  
0.8302161377 0.7770000000  
0.8300991275 0.7780000000  
0.8299822118 0.7790000000  
0.8298653906 0.7800000000  
0.8297486638 0.7810000000  
0.8296320312 0.7820000000  
0.8295154927 0.7830000000  
0.8293990483 0.7840000000  
0.8292826977 0.7850000000  
0.8291664410 0.7860000000  
0.8290502780 0.7870000000  
0.8289342086 0.7880000000  
0.8288182327 0.7890000000  
0.8287023501 0.7900000000  
0.8285865609 0.7910000000  
0.8284708648 0.7920000000  
0.8283552617 0.7930000000  
0.8282397516 0.7940000000  
0.8281243344 0.7950000000  
0.8280090099 0.7960000000  
0.8287003068 0.7970000000  
0.8285846069 0.7980000000  
0.8284690004 0.7990000000  
0.8283534870 0.8000000000  
0.8282380666 0.8010000000  
0.8281227392 0.8020000000  
0.8280075046 0.8030000000  
0.8278923627 0.8040000000  
0.8277773135 0.8050000000  
0.8276623567 0.8060000000  
0.8275474924 0.8070000000  
0.8274327204 0.8080000000  
0.8273180405 0.8090000000  
0.8272034528 0.8100000000  
0.8270889570 0.8110000000  
0.8269745531 0.8120000000  
0.8268602410 0.8130000000  
0.8267460205 0.8140000000  
0.8266318916 0.8150000000  
0.8265178541 0.8160000000  
0.8264039080 0.8170000000  
0.8270978999 0.8180000000  
0.8269835739 0.8190000000  
0.8268693397 0.8200000000  
0.8267551973 0.8210000000  
0.8266411464 0.8220000000  
0.8265271872 0.8230000000  
0.8264133193 0.8240000000  
0.8262995427 0.8250000000  
0.8261858574 0.8260000000  
0.8260722632 0.8270000000  
0.8259587599 0.8280000000  
0.8258453475 0.8290000000  
0.8257320259 0.8300000000  
0.8256187950 0.8310000000  
0.8255056546 0.8320000000  
0.8253926047 0.8330000000  
0.8252796452 0.8340000000  
0.8251667759 0.8350000000  
0.8250539968 0.8360000000  
0.8249413076 0.8370000000  
0.8248287085 0.8380000000  
0.8247161991 0.8390000000  
0.8246037795 0.8400000000  
0.8244914495 0.8410000000  
0.8251869410 0.8420000000  
0.8250742261 0.8430000000  
0.8249616012 0.8440000000  
0.8248490664 0.8450000000  
0.8247366214 0.8460000000  
0.8246242663 0.8470000000  
0.8245120008 0.8480000000  
0.8243998249 0.8490000000  
0.8242877385 0.8500000000  
0.8241757415 0.8510000000  
0.8240638337 0.8520000000  
0.8239520151 0.8530000000  
0.8238402855 0.8540000000  
0.8237286449 0.8550000000  
0.8236170931 0.8560000000  
0.8235056301 0.8570000000  
0.8233942557 0.8580000000  
0.8232829699 0.8590000000  
0.8231717725 0.8600000000  
0.8230606634 0.8610000000  
0.8229496425 0.8620000000  
0.8228387097 0.8630000000  
0.8227278649 0.8640000000  
0.8226171081 0.8650000000  
0.8225064390 0.8660000000  
0.8223958577 0.8670000000  
0.8230918988 0.8680000000  
0.8229809263 0.8690000000  
0.8228700420 0.8700000000  
0.8227592458 0.8710000000  
0.8226485376 0.8720000000  
0.8225379173 0.8730000000  
0.8224273847 0.8740000000  
0.8223169398 0.8750000000  
0.8222065825 0.8760000000  
0.8220963126 0.8770000000  
0.8219861301 0.8780000000  
0.8218760349 0.8790000000  
0.8217660268 0.8800000000  
0.8216561058 0.8810000000  
0.8215462717 0.8820000000  
0.8214365244 0.8830000000  
0.8213268639 0.8840000000  
0.8212172901 0.8850000000  
0.8211078027 0.8860000000  
0.8209984018 0.8870000000  
0.8208890873 0.8880000000  
0.8207798590 0.8890000000  
0.8206707167 0.8900000000  
0.8205616606 0.8910000000  
0.8204526903 0.8920000000  
0.8203438059 0.8930000000  
0.8202350072 0.8940000000  
0.8201262941 0.8950000000  
0.8200176665 0.8960000000  
0.8199091244 0.8970000000  
0.8206035002 0.8980000000  
0.8204945612 0.8990000000  
0.8203857082 0.9000000000  
0.8202769410 0.9010000000  
0.8201682595 0.9020000000  
0.8200596637 0.9030000000  
0.8199511533 0.9040000000  
0.8198427283 0.9050000000  
0.8197343886 0.9060000000  
0.8196261342 0.9070000000  
0.8195179648 0.9080000000  
0.8194098804 0.9090000000  
0.8193018810 0.9100000000  
0.8191939663 0.9110000000  
0.8190861364 0.9120000000  
0.8189783910 0.9130000000  
0.8188707301 0.9140000000  
0.8187631536 0.9150000000  
0.8186556615 0.9160000000  
0.8185482535 0.9170000000  
0.8184409296 0.9180000000  
0.8183336897 0.9190000000  
0.8182265337 0.9200000000  
0.8181194616 0.9210000000  
0.8180124731 0.9220000000  
0.8179055682 0.9230000000  
0.8177987468 0.9240000000  
0.8176920088 0.9250000000  
0.8175853542 0.9260000000  
0.8174787827 0.9270000000  
0.8173722943 0.9280000000  
0.8172658890 0.9290000000  
0.8171595666 0.9300000000  
0.8170533270 0.9310000000  
0.8169471701 0.9320000000  
0.8168410958 0.9330000000  
0.8175302584 0.9340000000  
0.8174237845 0.9350000000  
0.8173173937 0.9360000000  
0.8172110859 0.9370000000  
0.8171048611 0.9380000000  
0.8169987190 0.9390000000  
0.8168926598 0.9400000000  
0.8167866831 0.9410000000  
0.8166807890 0.9420000000  
0.8165749773 0.9430000000  
0.8164692480 0.9440000000  
0.8163636009 0.9450000000  
0.8162580360 0.9460000000  
0.8161525530 0.9470000000  
0.8160471521 0.9480000000  
0.8159418330 0.9490000000  
0.8158365956 0.9500000000  
0.8157314400 0.9510000000  
0.8156263658 0.9520000000  
0.8155213732 0.9530000000  
0.8154164619 0.9540000000  
0.8153116319 0.9550000000  
0.8152068830 0.9560000000  
0.8151022153 0.9570000000  
0.8149976285 0.9580000000  
0.8148931226 0.9590000000  
0.8147886975 0.9600000000  
0.8146843532 0.9610000000  
0.8145800894 0.9620000000  
0.8144759061 0.9630000000  
0.8143718033 0.9640000000  
0.8142677807 0.9650000000  
0.8141638384 0.9660000000  
0.8140599762 0.9670000000  
0.8139561941 0.9680000000  
0.8138524919 0.9690000000  
0.8137488696 0.9700000000  
0.8136453270 0.9710000000  
0.8135418640 0.9720000000  
0.8134384806 0.9730000000  
0.8133351768 0.9740000000  
0.8132319522 0.9750000000  
0.8131288070 0.9760000000  
0.8130257410 0.9770000000  
0.8129227540 0.9780000000  
0.8136014033 0.9790000000  
0.8134980200 0.9800000000  
0.8133947163 0.9810000000  
0.8132914921 0.9820000000  
0.8131883473 0.9830000000  
0.8130852818 0.9840000000  
0.8129822956 0.9850000000  
0.8128793886 0.9860000000  
0.8127765605 0.9870000000  
0.8126738115 0.9880000000  
0.8125711413 0.9890000000  
0.8124685498 0.9900000000  
0.8123660371 0.9910000000  
0.8122636029 0.9920000000  
0.8121612472 0.9930000000  
0.8120589699 0.9940000000  
0.8119567710 0.9950000000  
0.8118546502 0.9960000000  
0.8117526076 0.9970000000  
0.8116506430 0.9980000000  
0.8115487563 0.9990000000  
0.8114469475 1.0000000000  
0.8113452165 1.0010000000  
0.8112435631 1.0020000000  
0.8111419873 1.0030000000  
0.8110404889 1.0040000000  
0.8109390680 1.0050000000  
0.8108377243 1.0060000000  
0.8107364579 1.0070000000  
0.8106352686 1.0080000000  
0.8105341563 1.0090000000  
0.8104331210 1.0100000000  
0.8103321625 1.0110000000  
0.8102312808 1.0120000000  
0.8101304757 1.0130000000  
0.8100297472 1.0140000000  
0.8099290953 1.0150000000  
0.8098285197 1.0160000000  
0.8097280204 1.0170000000  
0.8096275973 1.0180000000  
0.8095272504 1.0190000000  
0.8094269795 1.0200000000  
0.8093267846 1.0210000000  
0.8092266656 1.0220000000  
0.8091266223 1.0230000000  
0.8090266547 1.0240000000  
0.8089267627 1.0250000000  
0.8088269463 1.0260000000  
0.8087272052 1.0270000000  
0.8086275395 1.0280000000  
0.8085279491 1.0290000000  
0.8084284338 1.0300000000  
0.8083289936 1.0310000000  
0.8082296284 1.0320000000  
0.8081303380 1.0330000000  
0.8080311225 1.0340000000  
0.8079319817 1.0350000000  
0.8078329156 1.0360000000  
0.8077339240 1.0370000000  
0.8083944416 1.0380000000  
0.8082950674 1.0390000000  
0.8081957682 1.0400000000  
0.8080965439 1.0410000000  
0.8079973946 1.0420000000  
0.8078983200 1.0430000000  
0.8077993202 1.0440000000  
0.8077003949 1.0450000000  
0.8076015442 1.0460000000  
0.8075027680 1.0470000000  
0.8074040660 1.0480000000  
0.8073054384 1.0490000000  
0.8072068849 1.0500000000  
0.8071084056 1.0510000000  
0.8070100002 1.0520000000  
0.8069116688 1.0530000000  
0.8068134112 1.0540000000  
0.8067152273 1.0550000000  
0.8066171171 1.0560000000  
0.8065190805 1.0570000000  
0.8064211174 1.0580000000  
0.8063232277 1.0590000000  
0.8062254113 1.0600000000  
0.8061276682 1.0610000000  
0.8060299982 1.0620000000  
0.8059324012 1.0630000000  
0.8058348773 1.0640000000  
0.8057374263 1.0650000000  
0.8056400480 1.0660000000  
0.8055427425 1.0670000000  
0.8054455097 1.0680000000  
0.8053483494 1.0690000000  
0.8052512616 1.0700000000  
0.8051542461 1.0710000000  
0.8050573030 1.0720000000  
0.8049604321 1.0730000000  
0.8048636334 1.0740000000  
0.8047669067 1.0750000000  
0.8046702520 1.0760000000  
0.8045736691 1.0770000000  
0.8044771581 1.0780000000  
0.8043807188 1.0790000000  
0.8042843512 1.0800000000  
0.8041880551 1.0810000000  
0.8040918305 1.0820000000  
0.8039956773 1.0830000000  
0.8038995954 1.0840000000  
0.8038035847 1.0850000000  
0.8037076452 1.0860000000  
0.8036117767 1.0870000000  
0.8035159793 1.0880000000  
0.8034202527 1.0890000000  
0.8033245969 1.0900000000  
0.8032290119 1.0910000000  
0.8031334976 1.0920000000  
0.8030380538 1.0930000000  
0.8029426806 1.0940000000  
0.8028473777 1.0950000000  
0.8027521452 1.0960000000  
0.8026569829 1.0970000000  
0.8025618908 1.0980000000  
0.8024668688 1.0990000000  
0.8023719169 1.1000000000  
0.8022770348 1.1010000000  
0.8021822226 1.1020000000  
0.8020874802 1.1030000000  
0.8019928074 1.1040000000  
0.8018982043 1.1050000000  
0.8018036707 1.1060000000  
0.8017092066 1.1070000000  
0.8016148118 1.1080000000  
0.8015204864 1.1090000000  
0.8014262301 1.1100000000  
0.8013320430 1.1110000000  
0.8012379249 1.1120000000  
0.8011438759 1.1130000000  
0.8010498957 1.1140000000  
0.8009559843 1.1150000000  
0.8008621417 1.1160000000  
0.8007683678 1.1170000000  
0.8006746624 1.1180000000  
0.8005810255 1.1190000000  
0.8004874571 1.1200000000  
0.8003939571 1.1210000000  
0.8003005253 1.1220000000  
0.8002071617 1.1230000000  
0.8008372185 1.1240000000  
0.8007435035 1.1250000000  
0.8006498571 1.1260000000  
0.8005562793 1.1270000000  
0.8004627700 1.1280000000  
0.8003693291 1.1290000000  
0.8002759566 1.1300000000  
0.8001826523 1.1310000000  
0.8000894162 1.1320000000  
0.7999962481 1.1330000000  
0.7999031481 1.1340000000  
0.7998101161 1.1350000000  
0.7997171519 1.1360000000  
0.7996242555 1.1370000000  
0.7995314268 1.1380000000  
0.7994386658 1.1390000000  
0.7993459723 1.1400000000  
0.7992533463 1.1410000000  
0.7991607877 1.1420000000  
0.7990682965 1.1430000000  
0.7989758725 1.1440000000  
0.7988835156 1.1450000000  
0.7987912259 1.1460000000  
0.7986990032 1.1470000000  
0.7986068474 1.1480000000  
0.7985147586 1.1490000000  
0.7984227365 1.1500000000  
0.7983307811 1.1510000000  
0.7982388923 1.1520000000  
0.7981470702 1.1530000000  
0.7980553145 1.1540000000  
0.7979636252 1.1550000000  
0.7978720023 1.1560000000  
0.7977804457 1.1570000000  
0.7976889552 1.1580000000  
0.7975975309 1.1590000000  
0.7975061726 1.1600000000  
0.7974148802 1.1610000000  
0.7973236538 1.1620000000  
0.7972324932 1.1630000000  
0.7971413983 1.1640000000  
0.7970503691 1.1650000000  
0.7969594055 1.1660000000  
0.7968685074 1.1670000000  
0.7967776747 1.1680000000  
0.7966869074 1.1690000000  
0.7965962055 1.1700000000  
0.7965055687 1.1710000000  
0.7964149971 1.1720000000  
0.7963244906 1.1730000000  
0.7962340491 1.1740000000  
0.7961436725 1.1750000000  
0.7960533608 1.1760000000  
0.7959631138 1.1770000000  
0.7958729316 1.1780000000  
0.7957828140 1.1790000000  
0.7956927610 1.1800000000  
0.7956027725 1.1810000000  
0.7955128484 1.1820000000  
0.7954229886 1.1830000000  
0.7953331931 1.1840000000  
0.7952434619 1.1850000000  
0.7951537948 1.1860000000  
0.7950641917 1.1870000000  
0.7949746526 1.1880000000  
0.7948851774 1.1890000000  
0.7947957661 1.1900000000  
0.7947064186 1.1910000000  
0.7946171348 1.1920000000  
0.7945279146 1.1930000000  
0.7944387579 1.1940000000  
0.7943496648 1.1950000000  
0.7942606351 1.1960000000  
0.7941716687 1.1970000000  
0.7940827656 1.1980000000  
0.7939939257 1.1990000000  
0.7939051490 1.2000000000  
0.7938164353 1.2010000000  
0.7937277846 1.2020000000  
0.7936391968 1.2030000000  
0.7935506719 1.2040000000  
0.7934622098 1.2050000000  
0.7933738104 1.2060000000  
0.7932854736 1.2070000000  
0.7931971995 1.2080000000  
0.7931089878 1.2090000000  
0.7930208386 1.2100000000  
0.7929327517 1.2110000000  
0.7928447271 1.2120000000  
0.7927567648 1.2130000000  
0.7926688646 1.2140000000  
0.7925810265 1.2150000000  
0.7924932505 1.2160000000  
0.7924055364 1.2170000000  
0.7923178841 1.2180000000  
0.7922302937 1.2190000000  
0.7921427651 1.2200000000  
0.7920552981 1.2210000000  
0.7919678927 1.2220000000  
0.7918805489 1.2230000000  
0.7917932666 1.2240000000  
0.7917060456 1.2250000000  
0.7916188860 1.2260000000  
0.7915317877 1.2270000000  
0.7914447506 1.2280000000  
0.7913577746 1.2290000000  
0.7912708597 1.2300000000  
0.7911840058 1.2310000000  
0.7910972128 1.2320000000  
0.7910104807 1.2330000000  
0.7909238094 1.2340000000  
0.7908371988 1.2350000000  
0.7907506489 1.2360000000  
0.7906641596 1.2370000000  
0.7905777308 1.2380000000  
0.7904913625 1.2390000000  
0.7904050546 1.2400000000  
0.7903188070 1.2410000000  
0.7902326197 1.2420000000  
0.7901464926 1.2430000000  
0.7900604256 1.2440000000  
0.7899744187 1.2450000000  
0.7898884718 1.2460000000  
0.7898025849 1.2470000000  
0.7897167578 1.2480000000  
0.7896309905 1.2490000000  
0.7895452829 1.2500000000  
0.7894596351 1.2510000000  
0.7893740468 1.2520000000  
0.7892885181 1.2530000000  
0.7892030489 1.2540000000  
0.7891176390 1.2550000000  
0.7890322886 1.2560000000  
0.7889469974 1.2570000000  
0.7888617654 1.2580000000  
0.7887765926 1.2590000000  
0.7893587505 1.2600000000  
0.7892732799 1.2610000000  
0.7891878689 1.2620000000  
0.7891025172 1.2630000000  
0.7890172250 1.2640000000  
0.7889319920 1.2650000000  
0.7888468183 1.2660000000  
0.7887617038 1.2670000000  
0.7886766485 1.2680000000  
0.7885916521 1.2690000000  
0.7885067148 1.2700000000  
0.7884218364 1.2710000000  
0.7883370169 1.2720000000  
0.7882522561 1.2730000000  
0.7881675541 1.2740000000  
0.7880829108 1.2750000000  
0.7879983260 1.2760000000  
0.7879137998 1.2770000000  
0.7878293321 1.2780000000  
0.7877449228 1.2790000000  
0.7876605718 1.2800000000  
0.7875762792 1.2810000000  
0.7874920447 1.2820000000  
0.7874078684 1.2830000000  
0.7873237502 1.2840000000  
0.7872396901 1.2850000000  
0.7871556879 1.2860000000  
0.7870717436 1.2870000000  
0.7869878571 1.2880000000  
0.7869040285 1.2890000000  
0.7868202575 1.2900000000  
0.7867365442 1.2910000000  
0.7866528885 1.2920000000  
0.7865692903 1.2930000000  
0.7864857496 1.2940000000  
0.7864022663 1.2950000000  
0.7863188403 1.2960000000  
0.7862354716 1.2970000000  
0.7861521602 1.2980000000  
0.7860689058 1.2990000000  
0.7859857086 1.3000000000  
0.7859025684 1.3010000000  
0.7858194852 1.3020000000  
0.7857364589 1.3030000000  
0.7856534894 1.3040000000  
0.7855705767 1.3050000000  
0.7854877208 1.3060000000  
0.7854049215 1.3070000000  
0.7853221788 1.3080000000  
0.7852394926 1.3090000000  
0.7851568629 1.3100000000  
0.7850742897 1.3110000000  
0.7849917728 1.3120000000  
0.7849093121 1.3130000000  
0.7848269078 1.3140000000  
0.7847445596 1.3150000000  
0.7846622675 1.3160000000  
0.7845800314 1.3170000000  
0.7844978514 1.3180000000  
0.7844157273 1.3190000000  
0.7843336591 1.3200000000  
0.7842516466 1.3210000000  
0.7841696900 1.3220000000  
0.7840877890 1.3230000000  
0.7840059436 1.3240000000  
0.7839241539 1.3250000000  
0.7838424196 1.3260000000  
0.7837607408 1.3270000000  
0.7836791174 1.3280000000  
0.7835975493 1.3290000000  
0.7835160365 1.3300000000  
0.7834345789 1.3310000000  
0.7833531765 1.3320000000  
0.7832718292 1.3330000000  
0.7831905369 1.3340000000  
0.7831092996 1.3350000000  
0.7830281172 1.3360000000  
0.7829469897 1.3370000000  
0.7828659170 1.3380000000  
0.7827848990 1.3390000000  
0.7827039357 1.3400000000  
0.7826230271 1.3410000000  
0.7825421730 1.3420000000  
0.7824613734 1.3430000000  
0.7823806283 1.3440000000  
0.7822999376 1.3450000000  
0.7822193012 1.3460000000  
0.7821387191 1.3470000000  
0.7820581912 1.3480000000  
0.7819777175 1.3490000000  
0.7818972979 1.3500000000  
0.7818169323 1.3510000000  
0.7817366208 1.3520000000  
0.7816563631 1.3530000000  
0.7815761594 1.3540000000  
0.7814960094 1.3550000000  
0.7814159133 1.3560000000  
0.7813358708 1.3570000000  
0.7812558820 1.3580000000  
0.7811759468 1.3590000000  
0.7810960651 1.3600000000  
0.7810162369 1.3610000000  
0.7809364621 1.3620000000  
0.7808567407 1.3630000000  
0.7807770726 1.3640000000  
0.7806974577 1.3650000000  
0.7806178961 1.3660000000  
0.7805383876 1.3670000000  
0.7804589321 1.3680000000  
0.7803795297 1.3690000000  
0.7803001803 1.3700000000  
0.7802208838 1.3710000000  
0.7801416401 1.3720000000  
0.7800624492 1.3730000000  
0.7799833111 1.3740000000  
0.7799042257 1.3750000000  
0.7798251930 1.3760000000  
0.7797462128 1.3770000000  
0.7796672851 1.3780000000  
0.7795884099 1.3790000000  
0.7795095871 1.3800000000  
0.7794308167 1.3810000000  
0.7793520986 1.3820000000  
0.7792734327 1.3830000000  
0.7791948191 1.3840000000  
0.7791162576 1.3850000000  
0.7790377481 1.3860000000  
0.7789592907 1.3870000000  
0.7788808853 1.3880000000  
0.7788025318 1.3890000000  
0.7787242302 1.3900000000  
0.7786459803 1.3910000000  
0.7785677823 1.3920000000  
0.7784896359 1.3930000000  
0.7784115412 1.3940000000  
0.7783334981 1.3950000000  
0.7782555066 1.3960000000  
0.7781775665 1.3970000000  
0.7780996779 1.3980000000  
0.7780218406 1.3990000000  
0.7779440547 1.4000000000  
0.7778663200 1.4010000000  
0.7777886366 1.4020000000  
0.7777110043 1.4030000000  
0.7776334232 1.4040000000  
0.7775558931 1.4050000000  
0.7774784140 1.4060000000  
0.7774009859 1.4070000000  
0.7773236087 1.4080000000  
0.7772462823 1.4090000000  
0.7771690067 1.4100000000  
0.7770917819 1.4110000000  
0.7770146078 1.4120000000  
0.7769374843 1.4130000000  
0.7768604114 1.4140000000  
0.7767833890 1.4150000000  
0.7767064171 1.4160000000  
0.7766294956 1.4170000000  
0.7765526245 1.4180000000  
0.7764758037 1.4190000000  
0.7763990332 1.4200000000  
0.7763223129 1.4210000000  
0.7762456428 1.4220000000  
0.7761690228 1.4230000000  
0.7760924528 1.4240000000  
0.7760159329 1.4250000000  
0.7759394629 1.4260000000  
0.7758630428 1.4270000000  
0.7757866726 1.4280000000  
0.7757103522 1.4290000000  
0.7756340815 1.4300000000  
0.7755578606 1.4310000000  
0.7754816893 1.4320000000  
0.7754055676 1.4330000000  
0.7753294954 1.4340000000  
0.7752534728 1.4350000000  
0.7751774995 1.4360000000  
0.7751015757 1.4370000000  
0.7750257013 1.4380000000  
0.7749498761 1.4390000000  
0.7748741001 1.4400000000  
0.7747983734 1.4410000000  
0.7747226958 1.4420000000  
0.7746470673 1.4430000000  
0.7745714878 1.4440000000  
0.7744959573 1.4450000000  
0.7744204757 1.4460000000  
0.7743450431 1.4470000000  
0.7742696593 1.4480000000  
0.7741943242 1.4490000000  
0.7741190380 1.4500000000  
0.7740438003 1.4510000000  
0.7739686114 1.4520000000  
0.7738934710 1.4530000000  
0.7738183792 1.4540000000  
0.7737433358 1.4550000000  
0.7736683409 1.4560000000  
0.7735933944 1.4570000000  
0.7735184962 1.4580000000  
0.7734436464 1.4590000000  
0.7733688447 1.4600000000  
0.7732940913 1.4610000000  
0.7732193860 1.4620000000  
0.7731447288 1.4630000000  
0.7730701196 1.4640000000  
0.7729955584 1.4650000000  
0.7729210452 1.4660000000  
0.7728465799 1.4670000000  
0.7727721624 1.4680000000  
0.7726977928 1.4690000000  
0.7726234709 1.4700000000  
0.7725491966 1.4710000000  
0.7724749701 1.4720000000  
0.7724007911 1.4730000000  
0.7723266597 1.4740000000  
0.7722525759 1.4750000000  
0.7721785395 1.4760000000  
0.7721045504 1.4770000000  
0.7720306088 1.4780000000  
0.7719567145 1.4790000000  
0.7718828674 1.4800000000  
0.7718090676 1.4810000000  
0.7717353150 1.4820000000  
0.7716616094 1.4830000000  
0.7715879510 1.4840000000  
0.7715143396 1.4850000000  
0.7714407751 1.4860000000  
0.7713672576 1.4870000000  
0.7712937870 1.4880000000  
0.7712203632 1.4890000000  
0.7711469862 1.4900000000  
0.7710736560 1.4910000000  
0.7710003725 1.4920000000  
0.7709271356 1.4930000000  
0.7708539453 1.4940000000  
0.7707808016 1.4950000000  
0.7707077044 1.4960000000  
0.7706346536 1.4970000000  
0.7705616493 1.4980000000  
0.7704886913 1.4990000000  
0.7704157797 1.5000000000  
0.7703429143 1.5010000000  
0.7702700952 1.5020000000  
0.7701973222 1.5030000000  
0.7701245954 1.5040000000  
0.7700519147 1.5050000000  
0.7699792800 1.5060000000  
0.7699066913 1.5070000000  
0.7698341486 1.5080000000  
0.7697616518 1.5090000000  
0.7696892008 1.5100000000  
0.7696167957 1.5110000000  
0.7695444363 1.5120000000  
0.7694721226 1.5130000000  
0.7693998546 1.5140000000  
0.7693276323 1.5150000000  
0.7692554555 1.5160000000  
0.7697613047 1.5170000000  
0.7696889110 1.5180000000  
0.7696165631 1.5190000000  
0.7695442610 1.5200000000  
0.7694720045 1.5210000000  
0.7693997938 1.5220000000  
0.7693276286 1.5230000000  
0.7692555091 1.5240000000  
0.7691834350 1.5250000000  
0.7691114064 1.5260000000  
0.7690394233 1.5270000000  
0.7689674855 1.5280000000  
0.7688955931 1.5290000000  
0.7688237460 1.5300000000  
0.7687519442 1.5310000000  
0.7686801875 1.5320000000  
0.7686084760 1.5330000000  
0.7685368097 1.5340000000  
0.7684651884 1.5350000000  
0.7683936121 1.5360000000  
0.7683220808 1.5370000000  
0.7682505944 1.5380000000  
0.7681791530 1.5390000000  
0.7681077563 1.5400000000  
0.7680364045 1.5410000000  
0.7679650974 1.5420000000  
0.7678938351 1.5430000000  
0.7678226174 1.5440000000  
0.7677514444 1.5450000000  
0.7676803159 1.5460000000  
0.7676092319 1.5470000000  
0.7675381925 1.5480000000  
0.7674671974 1.5490000000  
0.7673962468 1.5500000000  
0.7673253406 1.5510000000  
0.7672544786 1.5520000000  
0.7671836610 1.5530000000  
0.7671128875 1.5540000000  
0.7670421582 1.5550000000  
0.7669714731 1.5560000000  
0.7669008321 1.5570000000  
0.7668302351 1.5580000000  
0.7667596821 1.5590000000  
0.7666891731 1.5600000000  
0.7666187080 1.5610000000  
0.7665482868 1.5620000000  
0.7664779094 1.5630000000  
0.7664075758 1.5640000000  
0.7663372859 1.5650000000  
0.7662670398 1.5660000000  
0.7661968373 1.5670000000  
0.7661266784 1.5680000000  
0.7660565631 1.5690000000  
0.7659864913 1.5700000000  
0.7659164630 1.5710000000  
0.7658464781 1.5720000000  
0.7657765367 1.5730000000  
0.7657066386 1.5740000000  
0.7656367838 1.5750000000  
0.7655669723 1.5760000000  
0.7654972040 1.5770000000  
0.7654274789 1.5780000000  
0.7653577970 1.5790000000  
0.7652881582 1.5800000000  
0.7652185624 1.5810000000  
0.7651490096 1.5820000000  
0.7650794998 1.5830000000  
0.7650100330 1.5840000000  
0.7649406090 1.5850000000  
0.7648712279 1.5860000000  
0.7648018896 1.5870000000  
0.7647325940 1.5880000000  
0.7646633412 1.5890000000  
0.7645941311 1.5900000000  
0.7645249636 1.5910000000  
0.7644558386 1.5920000000  
0.7643867563 1.5930000000  
0.7643177165 1.5940000000  
0.7642487191 1.5950000000  
0.7641797642 1.5960000000  
0.7641108516 1.5970000000  
0.7640419814 1.5980000000  
0.7639731535 1.5990000000  
0.7639043679 1.6000000000  
0.7638356245 1.6010000000  
0.7637669233 1.6020000000  
0.7636982642 1.6030000000  
0.7636296472 1.6040000000  
0.7635610723 1.6050000000  
0.7634925394 1.6060000000  
0.7634240484 1.6070000000  
0.7633555994 1.6080000000  
0.7632871923 1.6090000000  
0.7632188271 1.6100000000  
0.7631505037 1.6110000000  
0.7630822220 1.6120000000  
0.7630139821 1.6130000000  
0.7629457838 1.6140000000  
0.7628776273 1.6150000000  
0.7628095123 1.6160000000  
0.7627414389 1.6170000000  
0.7626734070 1.6180000000  
0.7626054166 1.6190000000  
0.7625374677 1.6200000000  
0.7624695602 1.6210000000  
0.7624016940 1.6220000000  
0.7623338692 1.6230000000  
0.7622660857 1.6240000000  
0.7621983434 1.6250000000  
0.7621306423 1.6260000000  
0.7620629824 1.6270000000  
0.7619953636 1.6280000000  
0.7619277859 1.6290000000  
0.7618602493 1.6300000000  
0.7617927536 1.6310000000  
0.7617252990 1.6320000000  
0.7616578853 1.6330000000  
0.7615905124 1.6340000000  
0.7615231804 1.6350000000  
0.7614558893 1.6360000000  
0.7613886389 1.6370000000  
0.7613214292 1.6380000000  
0.7612542602 1.6390000000  
0.7611871319 1.6400000000  
0.7611200442 1.6410000000  
0.7610529971 1.6420000000  
0.7609859905 1.6430000000  
0.7609190244 1.6440000000  
0.7608520988 1.6450000000  
0.7607852136 1.6460000000  
0.7607183687 1.6470000000  
0.7606515643 1.6480000000  
0.7605848001 1.6490000000  
0.7605180762 1.6500000000  
0.7604513925 1.6510000000  
0.7603847490 1.6520000000  
0.7603181457 1.6530000000  
0.7602515824 1.6540000000  
0.7601850593 1.6550000000  
0.7601185762 1.6560000000  
0.7600521330 1.6570000000  
0.7599857299 1.6580000000  
0.7599193666 1.6590000000  
0.7598530432 1.6600000000  
0.7597867597 1.6610000000  
0.7597205160 1.6620000000  
0.7596543121 1.6630000000  
0.7595881478 1.6640000000  
0.7595220233 1.6650000000  
0.7594559384 1.6660000000  
0.7593898932 1.6670000000  
0.7593238875 1.6680000000  
0.7592579214 1.6690000000  
0.7591919947 1.6700000000  
0.7591261076 1.6710000000  
0.7590602598 1.6720000000  
0.7589944515 1.6730000000  
0.7589286825 1.6740000000  
0.7588629528 1.6750000000  
0.7587972624 1.6760000000  
0.7587316112 1.6770000000  
0.7586659992 1.6780000000  
0.7586004264 1.6790000000  
0.7585348928 1.6800000000  
0.7584693982 1.6810000000  
0.7584039427 1.6820000000  
0.7583385262 1.6830000000  
0.7582731486 1.6840000000  
0.7582078100 1.6850000000  
0.7581425104 1.6860000000  
0.7580772496 1.6870000000  
0.7580120276 1.6880000000  
0.7579468444 1.6890000000  
0.7578817000 1.6900000000  
0.7578165943 1.6910000000  
0.7577515273 1.6920000000  
0.7576864989 1.6930000000  
0.7576215092 1.6940000000  
0.7575565580 1.6950000000  
0.7574916453 1.6960000000  
0.7574267712 1.6970000000  
0.7573619355 1.6980000000  
0.7572971383 1.6990000000  
0.7572323795 1.7000000000  
0.7571676590 1.7010000000  
0.7571029768 1.7020000000  
0.7570383330 1.7030000000  
0.7569737273 1.7040000000  
0.7569091599 1.7050000000  
0.7568446307 1.7060000000  
0.7567801396 1.7070000000  
0.7567156866 1.7080000000  
0.7566512717 1.7090000000  
0.7565868948 1.7100000000  
0.7565225559 1.7110000000  
0.7564582550 1.7120000000  
0.7563939920 1.7130000000  
0.7563297669 1.7140000000  
0.7562655797 1.7150000000  
0.7562014303 1.7160000000  
0.7561373186 1.7170000000  
0.7560732447 1.7180000000  
0.7560092086 1.7190000000  
0.7559452101 1.7200000000  
0.7558812492 1.7210000000  
0.7558173260 1.7220000000  
0.7557534403 1.7230000000  
0.7556895922 1.7240000000  
0.7556257816 1.7250000000  
0.7555620084 1.7260000000  
0.7554982727 1.7270000000  
0.7554345743 1.7280000000  
0.7553709134 1.7290000000  
0.7553072897 1.7300000000  
0.7552437034 1.7310000000  
0.7551801543 1.7320000000  
0.7551166424 1.7330000000  
0.7550531678 1.7340000000  
0.7549897303 1.7350000000  
0.7549263299 1.7360000000  
0.7548629665 1.7370000000  
0.7547996403 1.7380000000  
0.7547363510 1.7390000000  
0.7546730988 1.7400000000  
0.7546098834 1.7410000000  
0.7545467050 1.7420000000  
0.7544835635 1.7430000000  
0.7544204588 1.7440000000  
0.7543573910 1.7450000000  
0.7542943599 1.7460000000  
0.7542313655 1.7470000000  
0.7541684079 1.7480000000  
0.7541054869 1.7490000000  
0.7540426026 1.7500000000  
0.7539797548 1.7510000000  
0.7539169437 1.7520000000  
0.7538541691 1.7530000000  
0.7537914309 1.7540000000  
0.7537287293 1.7550000000  
0.7536660641 1.7560000000  
0.7536034353 1.7570000000  
0.7535408429 1.7580000000  
0.7534782868 1.7590000000  
0.7534157670 1.7600000000  
0.7533532834 1.7610000000  
0.7532908361 1.7620000000  
0.7532284250 1.7630000000  
0.7531660501 1.7640000000  
0.7531037113 1.7650000000  
0.7530414086 1.7660000000  
0.7529791420 1.7670000000  
0.7529169114 1.7680000000  
0.7528547169 1.7690000000  
0.7527925582 1.7700000000  
0.7527304356 1.7710000000  
0.7526683488 1.7720000000  
0.7526062979 1.7730000000  
0.7525442828 1.7740000000  
0.7524823035 1.7750000000  
0.7524203600 1.7760000000  
0.7523584523 1.7770000000  
0.7522965802 1.7780000000  
0.7522347438 1.7790000000  
0.7521729431 1.7800000000  
0.7521111780 1.7810000000  
0.7520494484 1.7820000000  
0.7519877544 1.7830000000  
0.7519260959 1.7840000000  
0.7518644728 1.7850000000  
0.7518028852 1.7860000000  
0.7517413331 1.7870000000  
0.7516798162 1.7880000000  
0.7516183348 1.7890000000  
0.7515568886 1.7900000000  
0.7514954778 1.7910000000  
0.7514341022 1.7920000000  
0.7513727618 1.7930000000  
0.7513114566 1.7940000000  
0.7512501865 1.7950000000  
0.7511889516 1.7960000000  
0.7511277517 1.7970000000  
0.7510665869 1.7980000000  
0.7510054572 1.7990000000  
0.7509443624 1.8000000000  
0.7508833026 1.8010000000  
0.7508222777 1.8020000000  
0.7507612877 1.8030000000  
0.7507003326 1.8040000000  
0.7506394123 1.8050000000  
0.7505785268 1.8060000000  
0.7505176761 1.8070000000  
0.7504568601 1.8080000000  
0.7503960789 1.8090000000  
0.7503353323 1.8100000000  
0.7502746203 1.8110000000  
0.7502139430 1.8120000000  
0.7501533003 1.8130000000  
0.7500926920 1.8140000000  
0.7500321184 1.8150000000  
0.7499715792 1.8160000000  
0.7499110744 1.8170000000  
0.7498506041 1.8180000000  
0.7497901682 1.8190000000  
0.7497297666 1.8200000000  
0.7496693994 1.8210000000  
0.7496090665 1.8220000000  
0.7495487678 1.8230000000  
0.7494885034 1.8240000000  
0.7494282732 1.8250000000  
0.7493680771 1.8260000000  
0.7493079153 1.8270000000  
0.7492477875 1.8280000000  
0.7491876938 1.8290000000  
0.7491276342 1.8300000000  
0.7490676085 1.8310000000  
0.7490076169 1.8320000000  
0.7489476593 1.8330000000  
0.7488877355 1.8340000000  
0.7488278457 1.8350000000  
0.7487679897 1.8360000000  
0.7487081676 1.8370000000  
0.7486483793 1.8380000000  
0.7485886247 1.8390000000  
0.7485289040 1.8400000000  
0.7484692169 1.8410000000  
0.7484095635 1.8420000000  
0.7483499438 1.8430000000  
0.7482903577 1.8440000000  
0.7482308052 1.8450000000  
0.7481712862 1.8460000000  
0.7481118008 1.8470000000  
0.7480523489 1.8480000000  
0.7479929305 1.8490000000  
0.7479335455 1.8500000000  
0.7478741940 1.8510000000  
0.7478148758 1.8520000000  
0.7477555910 1.8530000000  
0.7476963395 1.8540000000  
0.7476371213 1.8550000000  
0.7475779363 1.8560000000  
0.7475187846 1.8570000000  
0.7474596662 1.8580000000  
0.7474005809 1.8590000000  
0.7473415287 1.8600000000  
0.7472825096 1.8610000000  
0.7472235237 1.8620000000  
0.7471645708 1.8630000000  
0.7471056509 1.8640000000  
0.7470467641 1.8650000000  
0.7469879102 1.8660000000  
0.7469290892 1.8670000000  
0.7468703012 1.8680000000  
0.7468115460 1.8690000000  
0.7467528237 1.8700000000  
0.7466941342 1.8710000000  
0.7466354775 1.8720000000  
0.7465768536 1.8730000000  
0.7465182624 1.8740000000  
0.7464597039 1.8750000000  
0.7464011781 1.8760000000  
0.7463426850 1.8770000000  
0.7462842245 1.8780000000  
0.7462257965 1.8790000000  
0.7461674011 1.8800000000  
0.7461090383 1.8810000000  
0.7460507080 1.8820000000  
0.7459924101 1.8830000000  
0.7459341447 1.8840000000  
0.7458759117 1.8850000000  
0.7458177111 1.8860000000  
0.7457595428 1.8870000000  
0.7457014069 1.8880000000  
0.7456433033 1.8890000000  
0.7455852319 1.8900000000  
0.7455271929 1.8910000000  
0.7454691860 1.8920000000  
0.7454112113 1.8930000000  
0.7453532688 1.8940000000  
0.7452953584 1.8950000000  
0.7452374801 1.8960000000  
0.7451796339 1.8970000000  
0.7451218197 1.8980000000  
0.7450640376 1.8990000000  
0.7450062874 1.9000000000  
0.7449485692 1.9010000000  
0.7448908830 1.9020000000  
0.7448332286 1.9030000000  
0.7447756061 1.9040000000  
0.7447180155 1.9050000000  
0.7446604567 1.9060000000  
0.7446029297 1.9070000000  
0.7445454345 1.9080000000  
0.7444879710 1.9090000000  
0.7444305392 1.9100000000  
0.7443731391 1.9110000000  
0.7443157706 1.9120000000  
0.7442584338 1.9130000000  
0.7442011286 1.9140000000  
0.7441438549 1.9150000000  
0.7440866128 1.9160000000  
0.7440294022 1.9170000000  
0.7439722231 1.9180000000  
0.7439150754 1.9190000000  
0.7438579592 1.9200000000  
0.7438008744 1.9210000000  
0.7437438210 1.9220000000  
0.7436867989 1.9230000000  
0.7436298082 1.9240000000  
0.7435728487 1.9250000000  
0.7435159205 1.9260000000  
0.7434590236 1.9270000000  
0.7434021578 1.9280000000  
0.7433453233 1.9290000000  
0.7432885199 1.9300000000  
0.7432317476 1.9310000000  
0.7431750065 1.9320000000  
0.7431182964 1.9330000000  
0.7430616174 1.9340000000  
0.7430049694 1.9350000000  
0.7429483524 1.9360000000  
0.7428917663 1.9370000000  
0.7428352112 1.9380000000  
0.7427786871 1.9390000000  
0.7427221938 1.9400000000  
0.7426657313 1.9410000000  
0.7426092998 1.9420000000  
0.7425528990 1.9430000000  
0.7424965290 1.9440000000  
0.7424401897 1.9450000000  
0.7423838812 1.9460000000  
0.7423276034 1.9470000000  
0.7422713562 1.9480000000  
0.7422151398 1.9490000000  
0.7421589539 1.9500000000  
0.7421027986 1.9510000000  
0.7420466739 1.9520000000  
0.7419905797 1.9530000000  
0.7419345161 1.9540000000  
0.7418784829 1.9550000000  
0.7418224802 1.9560000000  
0.7417665079 1.9570000000  
0.7417105661 1.9580000000  
0.7416546546 1.9590000000  
0.7415987735 1.9600000000  
0.7415429227 1.9610000000  
0.7414871022 1.9620000000  
0.7414313120 1.9630000000  
0.7413755521 1.9640000000  
0.7413198224 1.9650000000  
0.7412641228 1.9660000000  
0.7412084535 1.9670000000  
0.7411528143 1.9680000000  
0.7410972052 1.9690000000  
0.7410416262 1.9700000000  
0.7409860773 1.9710000000  
0.7409305585 1.9720000000  
0.7408750696 1.9730000000  
0.7408196108 1.9740000000  
0.7407641819 1.9750000000  
0.7407087829 1.9760000000  
0.7406534139 1.9770000000  
0.7405980747 1.9780000000  
0.7405427655 1.9790000000  
0.7404874860 1.9800000000  
0.7404322364 1.9810000000  
0.7403770165 1.9820000000  
0.7403218265 1.9830000000  
0.7402666661 1.9840000000  
0.7402115355 1.9850000000  
0.7401564345 1.9860000000  
0.7401013632 1.9870000000  
0.7400463216 1.9880000000  
0.7399913095 1.9890000000  
0.7399363271 1.9900000000  
0.7398813742 1.9910000000  
0.7398264508 1.9920000000  
0.7397715569 1.9930000000  
0.7397166925 1.9940000000  
0.7396618576 1.9950000000  
0.7396070521 1.9960000000  
0.7395522760 1.9970000000  
0.7394975293 1.9980000000  
0.7394428119 1.9990000000  
0.7393881239 2.0000000000  
