0.9999754356 0.0060000000  
0.9999665677 0.0070000000  
0.9999563371 0.0080000000  
0.9999437869 0.0090000000  
0.9999306090 0.0100000000  
0.9999160475 0.0110000000  
0.9999001034 0.0120000000  
0.9998827779 0.0130000000  
0.9998640721 0.0140000000  
0.9998439875 0.0150000000  
0.9998225255 0.0160000000  
0.9997996876 0.0170000000  
0.9997754754 0.0180000000  
0.9997541418 0.0190000000  
0.9997276430 0.0200000000  
0.9996997983 0.0210000000  
0.9996706097 0.0220000000  
0.9996400790 0.0230000000  
0.9996082086 0.0240000000  
0.9995750005 0.0250000000  
0.9995404571 0.0260000000  
0.9995045808 0.0270000000  
0.9994673739 0.0280000000  
0.9994288392 0.0290000000  
0.9993889792 0.0300000000  
0.9993477967 0.0310000000  
0.9993052945 0.0320000000  
0.9992614755 0.0330000000  
0.9992163427 0.0340000000  
0.9991698991 0.0350000000  
0.9991221480 0.0360000000  
0.9990730925 0.0370000000  
0.9990227360 0.0380000000  
0.9989710819 0.0390000000  
0.9989181337 0.0400000000  
0.9988825602 0.0410000000  
0.9988279333 0.0420000000  
0.9987720426 0.0430000000  
0.9987148918 0.0440000000  
0.9986564846 0.0450000000  
0.9985968249 0.0460000000  
0.9985359164 0.0470000000  
0.9984737631 0.0480000000  
0.9984103691 0.0490000000  
0.9983457383 0.0500000000  
0.9982798750 0.0510000000  
0.9982127833 0.0520000000  
0.9981444675 0.0530000000  
0.9980749319 0.0540000000  
0.9980041810 0.0550000000  
0.9979322192 0.0560000000  
0.9978590510 0.0570000000  
0.9977846811 0.0580000000  
0.9977091140 0.0590000000  
0.9976323545 0.0600000000  
0.9975544074 0.0610000000  
0.9975151604 0.0620000000  
0.9974360808 0.0630000000  
0.9973558436 0.0640000000  
0.9972744537 0.0650000000  
0.9971919160 0.0660000000  
0.9971082352 0.0670000000  
0.9970234165 0.0680000000  
0.9969374648 0.0690000000  
0.9968503852 0.0700000000  
0.9967621829 0.0710000000  
0.9966728629 0.0720000000  
0.9965824304 0.0730000000  
0.9964908908 0.0740000000  
0.9963982493 0.0750000000  
0.9963045113 0.0760000000  
0.9962096821 0.0770000000  
0.9961137671 0.0780000000  
0.9960167719 0.0790000000  
0.9959187019 0.0800000000  
0.9958195626 0.0810000000  
0.9957193596 0.0820000000  
0.9956180986 0.0830000000  
0.9955157851 0.0840000000  
0.9954124249 0.0850000000  
0.9953786932 0.0860000000  
0.9952747530 0.0870000000  
0.9951697940 0.0880000000  
0.9950638218 0.0890000000  
0.9948801233 0.0900000000  
0.9947706035 0.0910000000  
0.9947398820 0.0920000000  
0.9946299135 0.0930000000  
0.9945189602 0.0940000000  
0.9944070279 0.0950000000  
0.9942941224 0.0960000000  
0.9941802496 0.0970000000  
0.9940654153 0.0980000000  
0.9939496253 0.0990000000  
0.9938328855 0.1000000000  
0.9937152018 0.1010000000  
0.9935965802 0.1020000000  
0.9934770266 0.1030000000  
0.9933565470 0.1040000000  
0.9932351472 0.1050000000  
0.9931128334 0.1060000000  
0.9929896114 0.1070000000  
0.9928654874 0.1080000000  
0.9927404673 0.1090000000  
0.9926145572 0.1100000000  
0.9924877631 0.1110000000  
0.9923600911 0.1120000000  
0.9922315472 0.1130000000  
0.9921021376 0.1140000000  
0.9919718682 0.1150000000  
0.9918407452 0.1160000000  
0.9917087747 0.1170000000  
0.9915759628 0.1180000000  
0.9914423156 0.1190000000  
0.9914301290 0.1200000000  
0.9912965347 0.1210000000  
0.9911621278 0.1220000000  
0.9908994957 0.1230000000  
0.9907617636 0.1240000000  
0.9907540923 0.1250000000  
0.9906164952 0.1260000000  
0.9904781155 0.1270000000  
0.9903389590 0.1280000000  
0.9901990318 0.1290000000  
0.9900583397 0.1300000000  
0.9899168888 0.1310000000  
0.9897746849 0.1320000000  
0.9896317341 0.1330000000  
0.9894880421 0.1340000000  
0.9893436151 0.1350000000  
0.9891984588 0.1360000000  
0.9890525793 0.1370000000  
0.9889059823 0.1380000000  
0.9887586739 0.1390000000  
0.9886106599 0.1400000000  
0.9884619462 0.1410000000  
0.9883125386 0.1420000000  
0.9881624431 0.1430000000  
0.9880116655 0.1440000000  
0.9878602116 0.1450000000  
0.9877080873 0.1460000000  
0.9875552983 0.1470000000  
0.9874018506 0.1480000000  
0.9872477499 0.1490000000  
0.9870930020 0.1500000000  
0.9869376126 0.1510000000  
0.9867815875 0.1520000000  
0.9866249325 0.1530000000  
0.9864676532 0.1540000000  
0.9863097555 0.1550000000  
0.9861512449 0.1560000000  
0.9859921272 0.1570000000  
0.9858324080 0.1580000000  
0.9856720929 0.1590000000  
0.9855111877 0.1600000000  
0.9853496979 0.1610000000  
0.9851876291 0.1620000000  
0.9850249868 0.1630000000  
0.9848617767 0.1640000000  
0.9846980042 0.1650000000  
0.9845336749 0.1660000000  
0.9843687943 0.1670000000  
0.9842033678 0.1680000000  
0.9840374010 0.1690000000  
0.9838708992 0.1700000000  
0.9837038678 0.1710000000  
0.9835363123 0.1720000000  
0.9833682380 0.1730000000  
0.9831996502 0.1740000000  
0.9830305544 0.1750000000  
0.9828609558 0.1760000000  
0.9826908596 0.1770000000  
0.9825202712 0.1780000000  
0.9823491957 0.1790000000  
0.9821776384 0.1800000000  
0.9820056045 0.1810000000  
0.9818330992 0.1820000000  
0.9816601275 0.1830000000  
0.9814866946 0.1840000000  
0.9813128056 0.1850000000  
0.9811384656 0.1860000000  
0.9809636796 0.1870000000  
0.9807884526 0.1880000000  
0.9806127896 0.1890000000  
0.9804366955 0.1900000000  
0.9802601754 0.1910000000  
0.9800832342 0.1920000000  
0.9799058767 0.1930000000  
0.9797281078 0.1940000000  
0.9795499323 0.1950000000  
0.9793713550 0.1960000000  
0.9791923809 0.1970000000  
0.9790130145 0.1980000000  
0.9788332606 0.1990000000  
0.9786531240 0.2000000000  
0.9784726093 0.2010000000  
0.9782917213 0.2020000000  
0.9781104644 0.2030000000  
0.9779288433 0.2040000000  
0.9777468627 0.2050000000  
0.9775645269 0.2060000000  
0.9773818407 0.2070000000  
0.9771988083 0.2080000000  
0.9770154345 0.2090000000  
0.9768317234 0.2100000000  
0.9766476797 0.2110000000  
0.9764633076 0.2120000000  
0.9762786115 0.2130000000  
0.9760935958 0.2140000000  
0.9759082648 0.2150000000  
0.9757226227 0.2160000000  
0.9755366737 0.2170000000  
0.9753504222 0.2180000000  
0.9751638723 0.2190000000  
0.9749770281 0.2200000000  
0.9747898939 0.2210000000  
0.9746024737 0.2220000000  
0.9744147715 0.2230000000  
0.9742267916 0.2240000000  
0.9740385378 0.2250000000  
0.9738500143 0.2260000000  
0.9736612249 0.2270000000  
0.9734721737 0.2280000000  
0.9732828645 0.2290000000  
0.9730933013 0.2300000000  
0.9729034878 0.2310000000  
0.9727134281 0.2320000000  
0.9725231258 0.2330000000  
0.9723325847 0.2340000000  
0.9721418087 0.2350000000  
0.9719508014 0.2360000000  
0.9717595666 0.2370000000  
0.9715681080 0.2380000000  
0.9713764291 0.2390000000  
0.9711845336 0.2400000000  
0.9709924251 0.2410000000  
0.9708001073 0.2420000000  
0.9706075835 0.2430000000  
0.9700854238 0.2440000000  
0.9702219326 0.2450000000  
0.9700288123 0.2460000000  
0.9698355000 0.2470000000  
0.9693069425 0.2480000000  
0.9691118662 0.2490000000  
0.9692544457 0.2500000000  
0.9690603997 0.2510000000  
0.9688661784 0.2520000000  
0.9683298378 0.2530000000  
0.9681339165 0.2540000000  
0.9682824969 0.2550000000  
0.9680876078 0.2560000000  
0.9675452108 0.2570000000  
0.9673486722 0.2580000000  
0.9671519872 0.2590000000  
0.9673064938 0.2600000000  
0.9667581904 0.2610000000  
0.9665610847 0.2620000000  
0.9663638450 0.2630000000  
0.9661664742 0.2640000000  
0.9659689753 0.2650000000  
0.9657713513 0.2660000000  
0.9655736050 0.2670000000  
0.9653757396 0.2680000000  
0.9651777577 0.2690000000  
0.9649796624 0.2700000000  
0.9647814564 0.2710000000  
0.9645831425 0.2720000000  
0.9643847236 0.2730000000  
0.9641862025 0.2740000000  
0.9639875818 0.2750000000  
0.9637888643 0.2760000000  
0.9635900527 0.2770000000  
0.9633911497 0.2780000000  
0.9631921579 0.2790000000  
0.9629930800 0.2800000000  
0.9627939185 0.2810000000  
0.9625946761 0.2820000000  
0.9623953553 0.2830000000  
0.9621959587 0.2840000000  
0.9619964888 0.2850000000  
0.9614044726 0.2860000000  
0.9615973389 0.2870000000  
0.9613976638 0.2880000000  
0.9608019893 0.2890000000  
0.9606010489 0.2900000000  
0.9604000563 0.2910000000  
0.9601990137 0.2920000000  
0.9599979235 0.2930000000  
0.9597967879 0.2940000000  
0.9595956093 0.2950000000  
0.9593943900 0.2960000000  
0.9591931322 0.2970000000  
0.9589918381 0.2980000000  
0.9587905099 0.2990000000  
0.9585891498 0.3000000000  
0.9583877599 0.3010000000  
0.9581863425 0.3020000000  
0.9579848996 0.3030000000  
0.9577834333 0.3040000000  
0.9575819458 0.3050000000  
0.9573804390 0.3060000000  
0.9571789151 0.3070000000  
0.9569773760 0.3080000000  
0.9563488713 0.3090000000  
0.9565742603 0.3100000000  
0.9563726876 0.3110000000  
0.9561711077 0.3120000000  
0.9555385389 0.3130000000  
0.9553359581 0.3140000000  
0.9555663436 0.3150000000  
0.9553647538 0.3160000000  
0.9547282508 0.3170000000  
0.9545256996 0.3180000000  
0.9543231604 0.3190000000  
0.9541206349 0.3200000000  
0.9539181249 0.3210000000  
0.9537156321 0.3220000000  
0.9535131583 0.3230000000  
0.9533107052 0.3240000000  
0.9531082744 0.3250000000  
0.9529058677 0.3260000000  
0.9527034866 0.3270000000  
0.9525011329 0.3280000000  
0.9522988082 0.3290000000  
0.9520965140 0.3300000000  
0.9518942519 0.3310000000  
0.9516920235 0.3320000000  
0.9514898305 0.3330000000  
0.9512876742 0.3340000000  
0.9510855563 0.3350000000  
0.9504214737 0.3360000000  
0.9502185854 0.3370000000  
0.9504794475 0.3380000000  
0.9502774978 0.3390000000  
0.9496102180 0.3400000000  
0.9494075328 0.3410000000  
0.9492049019 0.3420000000  
0.9490023268 0.3430000000  
0.9487998086 0.3440000000  
0.9485973489 0.3450000000  
0.9483949489 0.3460000000  
0.9481926099 0.3470000000  
0.9479903332 0.3480000000  
0.9477881202 0.3490000000  
0.9475859721 0.3500000000  
0.9473838901 0.3510000000  
0.9471818755 0.3520000000  
0.9469799296 0.3530000000  
0.9467780535 0.3540000000  
0.9460890350 0.3550000000  
0.9463745157 0.3560000000  
0.9461728563 0.3570000000  
0.9454818592 0.3580000000  
0.9452796281 0.3590000000  
0.9450774793 0.3600000000  
0.9448754139 0.3610000000  
0.9446734329 0.3620000000  
0.9444715375 0.3630000000  
0.9442697287 0.3640000000  
0.9440680075 0.3650000000  
0.9438663751 0.3660000000  
0.9436648323 0.3670000000  
0.9434633803 0.3680000000  
0.9432620200 0.3690000000  
0.9430607523 0.3700000000  
0.9428595784 0.3710000000  
0.9426584991 0.3720000000  
0.9419475888 0.3730000000  
0.9422566283 0.3740000000  
0.9420558386 0.3750000000  
0.9418551473 0.3760000000  
0.9411421195 0.3770000000  
0.9409410130 0.3780000000  
0.9407400126 0.3790000000  
0.9410533840 0.3800000000  
0.9403383334 0.3810000000  
0.9401376563 0.3820000000  
0.9399370886 0.3830000000  
0.9397366311 0.3840000000  
0.9395362846 0.3850000000  
0.9393360499 0.3860000000  
0.9391359277 0.3870000000  
0.9389359189 0.3880000000  
0.9387360242 0.3890000000  
0.9385362443 0.3900000000  
0.9383365800 0.3910000000  
0.9376054599 0.3920000000  
0.9379376010 0.3930000000  
0.9377382877 0.3940000000  
0.9375390928 0.3950000000  
0.9368063462 0.3960000000  
0.9366068770 0.3970000000  
0.9364075329 0.3980000000  
0.9367435112 0.3990000000  
0.9360092223 0.4000000000  
0.9358102571 0.4010000000  
0.9356114193 0.4020000000  
0.9354127097 0.4030000000  
0.9352141287 0.4040000000  
0.9350156771 0.4050000000  
0.9348173553 0.4060000000  
0.9346191640 0.4070000000  
0.9344211037 0.4080000000  
0.9342231749 0.4090000000  
0.9334743309 0.4100000000  
0.9332762277 0.4110000000  
0.9330782618 0.4120000000  
0.9334327859 0.4130000000  
0.9326827443 0.4140000000  
0.9324851936 0.4150000000  
0.9322877822 0.4160000000  
0.9320905106 0.4170000000  
0.9318933793 0.4180000000  
0.9316963887 0.4190000000  
0.9314995392 0.4200000000  
0.9313028313 0.4210000000  
0.9311062655 0.4220000000  
0.9309098421 0.4230000000  
0.9307135616 0.4240000000  
0.9299494392 0.4250000000  
0.9303214307 0.4260000000  
0.9301255812 0.4270000000  
0.9299298761 0.4280000000  
0.9291648967 0.4290000000  
0.9289691328 0.4300000000  
0.9287735183 0.4310000000  
0.9285780535 0.4320000000  
0.9283827388 0.4330000000  
0.9281875745 0.4340000000  
0.9279925610 0.4350000000  
0.9277976984 0.4360000000  
0.9276029872 0.4370000000  
0.9274084277 0.4380000000  
0.9272140201 0.4390000000  
0.9270197648 0.4400000000  
0.9268256620 0.4410000000  
0.9266317120 0.4420000000  
0.9264379151 0.4430000000  
0.9256591069 0.4440000000  
0.9254653377 0.4450000000  
0.9252717258 0.4460000000  
0.9256642639 0.4470000000  
0.9248849751 0.4480000000  
0.9246918367 0.4490000000  
0.9244988565 0.4500000000  
0.9243060349 0.4510000000  
0.9241133719 0.4520000000  
0.9239208678 0.4530000000  
0.9237285229 0.4540000000  
0.9235363372 0.4550000000  
0.9233443109 0.4560000000  
0.9231524444 0.4570000000  
0.9229607377 0.4580000000  
0.9221691249 0.4590000000  
0.9219775246 0.4600000000  
0.9223865784 0.4610000000  
0.9221955128 0.4620000000  
0.9214037054 0.4630000000  
0.9212127599 0.4640000000  
0.9210219785 0.4650000000  
0.9208313613 0.4660000000  
0.9206409084 0.4670000000  
0.9204506199 0.4680000000  
0.9202604959 0.4690000000  
0.9200705366 0.4700000000  
0.9198807420 0.4710000000  
0.9196911122 0.4720000000  
0.9195016475 0.4730000000  
0.9186981692 0.4740000000  
0.9185088824 0.4750000000  
0.9189342438 0.4760000000  
0.9187454397 0.4770000000  
0.9179420305 0.4780000000  
0.9177534163 0.4790000000  
0.9175649703 0.4800000000  
0.9173766927 0.4810000000  
0.9171885835 0.4820000000  
0.9170006427 0.4830000000  
0.9168128704 0.4840000000  
0.9166252667 0.4850000000  
0.9164378315 0.4860000000  
0.9162505649 0.4870000000  
0.9160634669 0.4880000000  
0.9152489783 0.4890000000  
0.9150621231 0.4900000000  
0.9148754392 0.4910000000  
0.9153167618 0.4920000000  
0.9151305073 0.4930000000  
0.9143164147 0.4940000000  
0.9141304156 0.4950000000  
0.9139445877 0.4960000000  
0.9137589310 0.4970000000  
0.9135734455 0.4980000000  
0.9133881311 0.4990000000  
0.9132029879 0.5000000000  
0.9130180157 0.5010000000  
0.9128332147 0.5020000000  
0.9126485848 0.5030000000  
0.9124641259 0.5040000000  
0.9116395299 0.5050000000  
0.9114553746 0.5060000000  
0.9112713924 0.5070000000  
0.9117280000 0.5080000000  
0.9109039474 0.5090000000  
0.9107204843 0.5100000000  
0.9105371942 0.5110000000  
0.9103540770 0.5120000000  
0.9101711325 0.5130000000  
0.9099883608 0.5140000000  
0.9098057618 0.5150000000  
0.9096233353 0.5160000000  
0.9094410814 0.5170000000  
0.9092589999 0.5180000000  
0.9090770908 0.5190000000  
0.9088953540 0.5200000000  
0.9080614474 0.5210000000  
0.9078800686 0.5220000000  
0.9076988637 0.5230000000  
0.9075178327 0.5240000000  
0.9073369755 0.5250000000  
0.9071562919 0.5260000000  
0.9069757820 0.5270000000  
0.9067954455 0.5280000000  
0.9066152824 0.5290000000  
0.9064352925 0.5300000000  
0.9062554759 0.5310000000  
0.9054118167 0.5320000000  
0.9058963615 0.5330000000  
0.9057170636 0.5340000000  
0.9055379384 0.5350000000  
0.9053589858 0.5360000000  
0.9045164726 0.5370000000  
0.9043379263 0.5380000000  
0.9041595540 0.5390000000  
0.9039813554 0.5400000000  
0.9038033305 0.5410000000  
0.9036254790 0.5420000000  
0.9034478008 0.5430000000  
0.9032702959 0.5440000000  
0.9030929641 0.5450000000  
0.9029158051 0.5460000000  
0.9027388190 0.5470000000  
0.9025620055 0.5480000000  
0.9017104028 0.5490000000  
0.9015340342 0.5500000000  
0.9020325993 0.5510000000  
0.9018564749 0.5520000000  
0.9016805224 0.5530000000  
0.9008302951 0.5540000000  
0.9006547932 0.5550000000  
0.9004794643 0.5560000000  
0.9003043080 0.5570000000  
0.9001293243 0.5580000000  
0.8999545129 0.5590000000  
0.8997798737 0.5600000000  
0.8996054066 0.5610000000  
0.8994311114 0.5620000000  
0.8992569878 0.5630000000  
0.8990830358 0.5640000000  
0.8989092551 0.5650000000  
0.8980503415 0.5660000000  
0.8978770462 0.5670000000  
0.8977039229 0.5680000000  
0.8975309716 0.5690000000  
0.8980429164 0.5700000000  
0.8971855838 0.5710000000  
0.8970131470 0.5720000000  
0.8968408814 0.5730000000  
0.8966687867 0.5740000000  
0.8964968628 0.5750000000  
0.8963251095 0.5760000000  
0.8961535266 0.5770000000  
0.8952860919 0.5780000000  
0.8958108713 0.5790000000  
0.8956397985 0.5800000000  
0.8954688954 0.5810000000  
0.8952981617 0.5820000000  
0.8944324722 0.5830000000  
0.8942622594 0.5840000000  
0.8940922164 0.5850000000  
0.8939223432 0.5860000000  
0.8937526394 0.5870000000  
0.8935831049 0.5880000000  
0.8934137396 0.5890000000  
0.8932445431 0.5900000000  
0.8930755153 0.5910000000  
0.8929066560 0.5920000000  
0.8927379649 0.5930000000  
0.8925694420 0.5940000000  
0.8924010869 0.5950000000  
0.8915275294 0.5960000000  
0.8913597247 0.5970000000  
0.8911920880 0.5980000000  
0.8910246193 0.5990000000  
0.8915618227 0.6000000000  
0.8906901846 0.6010000000  
0.8905232182 0.6020000000  
0.8903564189 0.6030000000  
0.8901897865 0.6040000000  
0.8900233206 0.6050000000  
0.8898570211 0.6060000000  
0.8896908879 0.6070000000  
0.8895249206 0.6080000000  
0.8886436097 0.6090000000  
0.8891934831 0.6100000000  
0.8890280124 0.6110000000  
0.8888627069 0.6120000000  
0.8886975663 0.6130000000  
0.8878183187 0.6140000000  
0.8876537568 0.6150000000  
0.8874893597 0.6160000000  
0.8873251274 0.6170000000  
0.8871610596 0.6180000000  
0.8869971560 0.6190000000  
0.8868334164 0.6200000000  
0.8866698406 0.6210000000  
0.8865064284 0.6220000000  
0.8863431796 0.6230000000  
0.8861800939 0.6240000000  
0.8860171712 0.6250000000  
0.8858544111 0.6260000000  
0.8856918135 0.6270000000  
0.8848054452 0.6280000000  
0.8846434507 0.6290000000  
0.8844816185 0.6300000000  
0.8843199484 0.6310000000  
0.8841584402 0.6320000000  
0.8847196278 0.6330000000  
0.8838359084 0.6340000000  
0.8836748844 0.6350000000  
0.8835140213 0.6360000000  
0.8833533190 0.6370000000  
0.8831927772 0.6380000000  
0.8830323957 0.6390000000  
0.8828721742 0.6400000000  
0.8819782592 0.6410000000  
0.8818186633 0.6420000000  
0.8816592271 0.6430000000  
0.8822328844 0.6440000000  
0.8820734598 0.6450000000  
0.8819141939 0.6460000000  
0.8817550865 0.6470000000  
0.8808644343 0.6480000000  
0.8807059518 0.6490000000  
0.8805476273 0.6500000000  
0.8803894608 0.6510000000  
0.8802314520 0.6520000000  
0.8800736007 0.6530000000  
0.8799159065 0.6540000000  
0.8797583694 0.6550000000  
0.8788578140 0.6560000000  
0.8794437651 0.6570000000  
0.8792866976 0.6580000000  
0.8791297862 0.6590000000  
0.8789730306 0.6600000000  
0.8788164307 0.6610000000  
0.8779188114 0.6620000000  
0.8777628561 0.6630000000  
0.8776070561 0.6640000000  
0.8774514110 0.6650000000  
0.8772959206 0.6660000000  
0.8771405846 0.6670000000  
0.8769854029 0.6680000000  
0.8768303753 0.6690000000  
0.8766755014 0.6700000000  
0.8765207811 0.6710000000  
0.8763662141 0.6720000000  
0.8762118002 0.6730000000  
0.8760575393 0.6740000000  
0.8759034310 0.6750000000  
0.8757494751 0.6760000000  
0.8748453009 0.6770000000  
0.8746920079 0.6780000000  
0.8745388668 0.6790000000  
0.8743858772 0.6800000000  
0.8742330391 0.6810000000  
0.8748289282 0.6820000000  
0.8746760330 0.6830000000  
0.8737754307 0.6840000000  
0.8736231959 0.6850000000  
0.8734711112 0.6860000000  
0.8733191767 0.6870000000  
0.8731673919 0.6880000000  
0.8730157567 0.6890000000  
0.8728642708 0.6900000000  
0.8727129341 0.6910000000  
0.8718020839 0.6920000000  
0.8716514270 0.6930000000  
0.8715009186 0.6940000000  
0.8713505584 0.6950000000  
0.8719584794 0.6960000000  
0.8718080328 0.6970000000  
0.8716577337 0.6980000000  
0.8707505952 0.6990000000  
0.8706009726 0.7000000000  
0.8704514970 0.7010000000  
0.8703021680 0.7020000000  
0.8701529854 0.7030000000  
0.8700039489 0.7040000000  
0.8698550585 0.7050000000  
0.8697063138 0.7060000000  
0.8695577147 0.7070000000  
0.8686405554 0.7080000000  
0.8684926518 0.7090000000  
0.8683448929 0.7100000000  
0.8689647689 0.7110000000  
0.8688168941 0.7120000000  
0.8686691635 0.7130000000  
0.8685215769 0.7140000000  
0.8683741340 0.7150000000  
0.8674613670 0.7160000000  
0.8673146151 0.7170000000  
0.8671680063 0.7180000000  
0.8670215402 0.7190000000  
0.8668752167 0.7200000000  
0.8667290356 0.7210000000  
0.8665829965 0.7220000000  
0.8664370993 0.7230000000  
0.8662913438 0.7240000000  
0.8653682462 0.7250000000  
0.8660002570 0.7260000000  
0.8658549253 0.7270000000  
0.8657097344 0.7280000000  
0.8655646840 0.7290000000  
0.8654197741 0.7300000000  
0.8652750043 0.7310000000  
0.8651303745 0.7320000000  
0.8642118136 0.7330000000  
0.8640678888 0.7340000000  
0.8639241030 0.7350000000  
0.8637804561 0.7360000000  
0.8636369479 0.7370000000  
0.8634935781 0.7380000000  
0.8633503466 0.7390000000  
0.8632072532 0.7400000000  
0.8630642975 0.7410000000  
0.8629214795 0.7420000000  
0.8627787989 0.7430000000  
0.8626362555 0.7440000000  
0.8624938490 0.7450000000  
0.8623515794 0.7460000000  
0.8622094463 0.7470000000  
0.8620674495 0.7480000000  
0.8619255890 0.7490000000  
0.8617838643 0.7500000000  
0.8608598961 0.7510000000  
0.8607188896 0.7520000000  
0.8605780181 0.7530000000  
0.8604372814 0.7540000000  
0.8602966794 0.7550000000  
0.8601562117 0.7560000000  
0.8600158783 0.7570000000  
0.8598756788 0.7580000000  
0.8597356132 0.7590000000  
0.8595956811 0.7600000000  
0.8594558824 0.7610000000  
0.8593162169 0.7620000000  
0.8591766843 0.7630000000  
0.8590372845 0.7640000000  
0.8588980173 0.7650000000  
0.8587588824 0.7660000000  
0.8586198797 0.7670000000  
0.8584810090 0.7680000000  
0.8575514743 0.7690000000  
0.8574133353 0.7700000000  
0.8572753274 0.7710000000  
0.8571374503 0.7720000000  
0.8569997037 0.7730000000  
0.8568620876 0.7740000000  
0.8567246016 0.7750000000  
0.8565872456 0.7760000000  
0.8572370772 0.7770000000  
0.8570995151 0.7780000000  
0.8561759557 0.7790000000  
0.8560391177 0.7800000000  
0.8559024087 0.7810000000  
0.8557658286 0.7820000000  
0.8556293770 0.7830000000  
0.8554930538 0.7840000000  
0.8553568589 0.7850000000  
0.8552207920 0.7860000000  
0.8550848529 0.7870000000  
0.8549490415 0.7880000000  
0.8540150690 0.7890000000  
0.8538800025 0.7900000000  
0.8537450626 0.7910000000  
0.8536102491 0.7920000000  
0.8534755619 0.7930000000  
0.8533410007 0.7940000000  
0.8532065653 0.7950000000  
0.8530722557 0.7960000000  
0.8537324502 0.7970000000  
0.8535979045 0.7980000000  
0.8526700787 0.7990000000  
0.8525362698 0.8000000000  
0.8524025855 0.8010000000  
0.8522690258 0.8020000000  
0.8521355905 0.8030000000  
0.8520022792 0.8040000000  
0.8518690920 0.8050000000  
0.8517360285 0.8060000000  
0.8516030886 0.8070000000  
0.8514702721 0.8080000000  
0.8513375788 0.8090000000  
0.8512050085 0.8100000000  
0.8502679532 0.8110000000  
0.8501361404 0.8120000000  
0.8500044496 0.8130000000  
0.8498728805 0.8140000000  
0.8497414331 0.8150000000  
0.8496101070 0.8160000000  
0.8494789022 0.8170000000  
0.8501488530 0.8180000000  
0.8500173816 0.8190000000  
0.8498860315 0.8200000000  
0.8489552917 0.8210000000  
0.8488246904 0.8220000000  
0.8486942092 0.8230000000  
0.8485638479 0.8240000000  
0.8484336064 0.8250000000  
0.8483034846 0.8260000000  
0.8481734821 0.8270000000  
0.8480435989 0.8280000000  
0.8479138348 0.8290000000  
0.8477841895 0.8300000000  
0.8476546630 0.8310000000  
0.8475252550 0.8320000000  
0.8473959653 0.8330000000  
0.8464568382 0.8340000000  
0.8463283187 0.8350000000  
0.8461999166 0.8360000000  
0.8460716315 0.8370000000  
0.8459434633 0.8380000000  
0.8458154118 0.8390000000  
0.8456874769 0.8400000000  
0.8455596583 0.8410000000  
0.8462376554 0.8420000000  
0.8461095397 0.8430000000  
0.8459815403 0.8440000000  
0.8458536573 0.8450000000  
0.8449223053 0.8460000000  
0.8447951814 0.8470000000  
0.8446681727 0.8480000000  
0.8445412790 0.8490000000  
0.8444145001 0.8500000000  
0.8442878359 0.8510000000  
0.8441612862 0.8520000000  
0.8440348508 0.8530000000  
0.8439085296 0.8540000000  
0.8437823223 0.8550000000  
0.8436562288 0.8560000000  
0.8435302490 0.8570000000  
0.8434043827 0.8580000000  
0.8424652007 0.8590000000  
0.8423401160 0.8600000000  
0.8422151436 0.8610000000  
0.8420902834 0.8620000000  
0.8419655351 0.8630000000  
0.8418408988 0.8640000000  
0.8417163740 0.8650000000  
0.8415919608 0.8660000000  
0.8414676590 0.8670000000  
0.8421519242 0.8680000000  
0.8420272952 0.8690000000  
0.8419027777 0.8700000000  
0.8417783715 0.8710000000  
0.8416540765 0.8720000000  
0.8407241767 0.8730000000  
0.8406006497 0.8740000000  
0.8404772327 0.8750000000  
0.8403539255 0.8760000000  
0.8402307281 0.8770000000  
0.8401076402 0.8780000000  
0.8399846618 0.8790000000  
0.8398617925 0.8800000000  
0.8397390324 0.8810000000  
0.8396163811 0.8820000000  
0.8394938387 0.8830000000  
0.8393714048 0.8840000000  
0.8392490794 0.8850000000  
0.8391268622 0.8860000000  
0.8390047532 0.8870000000  
0.8380693359 0.8880000000  
0.8379480152 0.8890000000  
0.8378268015 0.8900000000  
0.8377056945 0.8910000000  
0.8375846941 0.8920000000  
0.8374638002 0.8930000000  
0.8373430126 0.8940000000  
0.8372223312 0.8950000000  
0.8371017558 0.8960000000  
0.8369812862 0.8970000000  
0.8376686457 0.8980000000  
0.8375478221 0.8990000000  
0.8374271046 0.9000000000  
0.8373064930 0.9010000000  
0.8371859872 0.9020000000  
0.8370655871 0.9030000000  
0.8361409502 0.9040000000  
0.8360213220 0.9050000000  
0.8359017983 0.9060000000  
0.8357823789 0.9070000000  
0.8356630636 0.9080000000  
0.8355438524 0.9090000000  
0.8354247451 0.9100000000  
0.8353057416 0.9110000000  
0.8351868416 0.9120000000  
0.8350680451 0.9130000000  
0.8349493518 0.9140000000  
0.8348307617 0.9150000000  
0.8347122746 0.9160000000  
0.8345938904 0.9170000000  
0.8344756089 0.9180000000  
0.8343574299 0.9190000000  
0.8342393533 0.9200000000  
0.8341213790 0.9210000000  
0.8331947099 0.9220000000  
0.8330775228 0.9230000000  
0.8329604368 0.9240000000  
0.8328434517 0.9250000000  
0.8327265673 0.9260000000  
0.8326097835 0.9270000000  
0.8324931001 0.9280000000  
0.8323765171 0.9290000000  
0.8322600343 0.9300000000  
0.8321436515 0.9310000000  
0.8320273686 0.9320000000  
0.8319111854 0.9330000000  
0.8325969533 0.9340000000  
0.8324803956 0.9350000000  
0.8323639379 0.9360000000  
0.8322475803 0.9370000000  
0.8321313224 0.9380000000  
0.8320151643 0.9390000000  
0.8318991056 0.9400000000  
0.8309852945 0.9410000000  
0.8308700028 0.9420000000  
0.8307548095 0.9430000000  
0.8306397144 0.9440000000  
0.8305247173 0.9450000000  
0.8304098183 0.9460000000  
0.8302950170 0.9470000000  
0.8301803134 0.9480000000  
0.8300657073 0.9490000000  
0.8299511987 0.9500000000  
0.8298367873 0.9510000000  
0.8297224730 0.9520000000  
0.8296082557 0.9530000000  
0.8294941352 0.9540000000  
0.8293801115 0.9550000000  
0.8292661844 0.9560000000  
0.8291523537 0.9570000000  
0.8290386193 0.9580000000  
0.8289249811 0.9590000000  
0.8288114389 0.9600000000  
0.8286979927 0.9610000000  
0.8285846422 0.9620000000  
0.8276733565 0.9630000000  
0.8275607801 0.9640000000  
0.8274482983 0.9650000000  
0.8273359109 0.9660000000  
0.8272236177 0.9670000000  
0.8271114187 0.9680000000  
0.8269993138 0.9690000000  
0.8268873027 0.9700000000  
0.8267753854 0.9710000000  
0.8266635617 0.9720000000  
0.8265518315 0.9730000000  
0.8264401947 0.9740000000  
0.8263286512 0.9750000000  
0.8262172007 0.9760000000  
0.8261058433 0.9770000000  
0.8259945787 0.9780000000  
0.8266722109 0.9790000000  
0.8265605620 0.9800000000  
0.8264490064 0.9810000000  
0.8263375439 0.9820000000  
0.8262261745 0.9830000000  
0.8261148981 0.9840000000  
0.8260037144 0.9850000000  
0.8258926233 0.9860000000  
0.8257816248 0.9870000000  
0.8248870125 0.9880000000  
0.8247767611 0.9890000000  
0.8246666010 0.9900000000  
0.8245565322 0.9910000000  
0.8244465545 0.9920000000  
0.8243366677 0.9930000000  
0.8242268718 0.9940000000  
0.8241171666 0.9950000000  
0.8240075521 0.9960000000  
0.8238980280 0.9970000000  
0.8237885943 0.9980000000  
0.8236792508 0.9990000000  
0.8235699975 1.0000000000  
0.8234608341 1.0010000000  
0.8233517607 1.0020000000  
0.8232427770 1.0030000000  
0.8231338829 1.0040000000  
0.8230250783 1.0050000000  
0.8229163631 1.0060000000  
0.8228077372 1.0070000000  
0.8226992005 1.0080000000  
0.8225907528 1.0090000000  
0.8224823940 1.0100000000  
0.8223741239 1.0110000000  
0.8222659426 1.0120000000  
0.8221578498 1.0130000000  
0.8220498455 1.0140000000  
0.8219419294 1.0150000000  
0.8218341016 1.0160000000  
0.8209486177 1.0170000000  
0.8208415312 1.0180000000  
0.8207345317 1.0190000000  
0.8206276191 1.0200000000  
0.8205207932 1.0210000000  
0.8204140540 1.0220000000  
0.8203074014 1.0230000000  
0.8202008351 1.0240000000  
0.8200943552 1.0250000000  
0.8199879615 1.0260000000  
0.8198816538 1.0270000000  
0.8197754322 1.0280000000  
0.8196692963 1.0290000000  
0.8195632463 1.0300000000  
0.8194572818 1.0310000000  
0.8193514029 1.0320000000  
0.8192456093 1.0330000000  
0.8191399011 1.0340000000  
0.8190342780 1.0350000000  
0.8189287400 1.0360000000  
0.8188232869 1.0370000000  
0.8194839660 1.0380000000  
0.8193781345 1.0390000000  
0.8192723884 1.0400000000  
0.8191667276 1.0410000000  
0.8190611521 1.0420000000  
0.8189556616 1.0430000000  
0.8188502560 1.0440000000  
0.8187449354 1.0450000000  
0.8186396995 1.0460000000  
0.8185345482 1.0470000000  
0.8184294814 1.0480000000  
0.8183244991 1.0490000000  
0.8182196010 1.0500000000  
0.8181147872 1.0510000000  
0.8180100574 1.0520000000  
0.8171475005 1.0530000000  
0.8170434746 1.0540000000  
0.8169395317 1.0550000000  
0.8168356717 1.0560000000  
0.8167318944 1.0570000000  
0.8166281998 1.0580000000  
0.8165245877 1.0590000000  
0.8164210580 1.0600000000  
0.8163176107 1.0610000000  
0.8162142456 1.0620000000  
0.8161109625 1.0630000000  
0.8160077615 1.0640000000  
0.8159046424 1.0650000000  
0.8158016050 1.0660000000  
0.8156986494 1.0670000000  
0.8155957753 1.0680000000  
0.8154929827 1.0690000000  
0.8153902714 1.0700000000  
0.8152876415 1.0710000000  
0.8151850926 1.0720000000  
0.8150826249 1.0730000000  
0.8149802380 1.0740000000  
0.8148779320 1.0750000000  
0.8147757068 1.0760000000  
0.8146735622 1.0770000000  
0.8145714981 1.0780000000  
0.8144695144 1.0790000000  
0.8143676111 1.0800000000  
0.8142657879 1.0810000000  
0.8141640449 1.0820000000  
0.8140623819 1.0830000000  
0.8139607988 1.0840000000  
0.8138592955 1.0850000000  
0.8137578720 1.0860000000  
0.8136565280 1.0870000000  
0.8135552635 1.0880000000  
0.8134540784 1.0890000000  
0.8133529726 1.0900000000  
0.8132519461 1.0910000000  
0.8131509986 1.0920000000  
0.8130501301 1.0930000000  
0.8129493404 1.0940000000  
0.8128486296 1.0950000000  
0.8120052872 1.0960000000  
0.8119052555 1.0970000000  
0.8118053015 1.0980000000  
0.8117054251 1.0990000000  
0.8116056263 1.1000000000  
0.8115059049 1.1010000000  
0.8114062608 1.1020000000  
0.8113066940 1.1030000000  
0.8112072042 1.1040000000  
0.8111077916 1.1050000000  
0.8110084558 1.1060000000  
0.8109091969 1.1070000000  
0.8108100147 1.1080000000  
0.8107109092 1.1090000000  
0.8106118802 1.1100000000  
0.8105129277 1.1110000000  
0.8104140515 1.1120000000  
0.8103152516 1.1130000000  
0.8102165279 1.1140000000  
0.8101178802 1.1150000000  
0.8100193085 1.1160000000  
0.8099208127 1.1170000000  
0.8098223927 1.1180000000  
0.8097240483 1.1190000000  
0.8096257796 1.1200000000  
0.8095275863 1.1210000000  
0.8094294685 1.1220000000  
0.8093314259 1.1230000000  
0.8099618437 1.1240000000  
0.8098634506 1.1250000000  
0.8097651333 1.1260000000  
0.8096668917 1.1270000000  
0.8095687257 1.1280000000  
0.8094706351 1.1290000000  
0.8093726199 1.1300000000  
0.8092746800 1.1310000000  
0.8091768152 1.1320000000  
0.8090790256 1.1330000000  
0.8089813109 1.1340000000  
0.8088836712 1.1350000000  
0.8087861063 1.1360000000  
0.8086886161 1.1370000000  
0.8085912005 1.1380000000  
0.8084938594 1.1390000000  
0.8083965928 1.1400000000  
0.8082994006 1.1410000000  
0.8082022826 1.1420000000  
0.8081052387 1.1430000000  
0.8080082690 1.1440000000  
0.8079113732 1.1450000000  
0.8078145513 1.1460000000  
0.8077178032 1.1470000000  
0.8076211288 1.1480000000  
0.8075245280 1.1490000000  
0.8074280007 1.1500000000  
0.8073315468 1.1510000000  
0.8065205356 1.1520000000  
0.8064247095 1.1530000000  
0.8063289558 1.1540000000  
0.8062332744 1.1550000000  
0.8061376654 1.1560000000  
0.8060421286 1.1570000000  
0.8059466639 1.1580000000  
0.8058512712 1.1590000000  
0.8057559505 1.1600000000  
0.8056607016 1.1610000000  
0.8055655245 1.1620000000  
0.8054704190 1.1630000000  
0.8053753852 1.1640000000  
0.8052804228 1.1650000000  
0.8051855319 1.1660000000  
0.8050907123 1.1670000000  
0.8049959639 1.1680000000  
0.8049012867 1.1690000000  
0.8048066805 1.1700000000  
0.8047121453 1.1710000000  
0.8046176810 1.1720000000  
0.8045232875 1.1730000000  
0.8044289648 1.1740000000  
0.8043347126 1.1750000000  
0.8042405311 1.1760000000  
0.8041464199 1.1770000000  
0.8040523792 1.1780000000  
0.8039584087 1.1790000000  
0.8038645085 1.1800000000  
0.8037706783 1.1810000000  
0.8036769182 1.1820000000  
0.8035832281 1.1830000000  
0.8034896078 1.1840000000  
0.8033960573 1.1850000000  
0.8033025765 1.1860000000  
0.8032091653 1.1870000000  
0.8031158237 1.1880000000  
0.8030225514 1.1890000000  
0.8029293486 1.1900000000  
0.8028362150 1.1910000000  
0.8027431506 1.1920000000  
0.8026501553 1.1930000000  
0.8025572291 1.1940000000  
0.8024643718 1.1950000000  
0.8023715833 1.1960000000  
0.8022788636 1.1970000000  
0.8021862126 1.1980000000  
0.8020936303 1.1990000000  
0.8020011164 1.2000000000  
0.8019086710 1.2010000000  
0.8018162940 1.2020000000  
0.8017239853 1.2030000000  
0.8016317447 1.2040000000  
0.8015395723 1.2050000000  
0.8014474679 1.2060000000  
0.8013554315 1.2070000000  
0.8012634629 1.2080000000  
0.8011715621 1.2090000000  
0.8010797291 1.2100000000  
0.8009879637 1.2110000000  
0.8008962658 1.2120000000  
0.8008046354 1.2130000000  
0.8007130724 1.2140000000  
0.8006215767 1.2150000000  
0.8005301482 1.2160000000  
0.8004387869 1.2170000000  
0.8003474926 1.2180000000  
0.8002562653 1.2190000000  
0.8001651050 1.2200000000  
0.8000740114 1.2210000000  
0.7999829847 1.2220000000  
0.7998920245 1.2230000000  
0.7998011310 1.2240000000  
0.7997103040 1.2250000000  
0.7996195434 1.2260000000  
0.7988442375 1.2270000000  
0.7987540530 1.2280000000  
0.7986639340 1.2290000000  
0.7985738805 1.2300000000  
0.7984838925 1.2310000000  
0.7983939698 1.2320000000  
0.7983041123 1.2330000000  
0.7982143201 1.2340000000  
0.7981245930 1.2350000000  
0.7980349309 1.2360000000  
0.7979453338 1.2370000000  
0.7978558016 1.2380000000  
0.7977663342 1.2390000000  
0.7976769316 1.2400000000  
0.7975875936 1.2410000000  
0.7974983202 1.2420000000  
0.7974091113 1.2430000000  
0.7973199669 1.2440000000  
0.7972308868 1.2450000000  
0.7971418710 1.2460000000  
0.7970529194 1.2470000000  
0.7969640320 1.2480000000  
0.7968752086 1.2490000000  
0.7967864492 1.2500000000  
0.7966977538 1.2510000000  
0.7966091221 1.2520000000  
0.7965205543 1.2530000000  
0.7964320501 1.2540000000  
0.7963436095 1.2550000000  
0.7962552325 1.2560000000  
0.7961669190 1.2570000000  
0.7960786688 1.2580000000  
0.7959904820 1.2590000000  
0.7965726567 1.2600000000  
0.7964841725 1.2610000000  
0.7963957521 1.2620000000  
0.7963073952 1.2630000000  
0.7962191019 1.2640000000  
0.7961308720 1.2650000000  
0.7960427055 1.2660000000  
0.7959546023 1.2670000000  
0.7958665624 1.2680000000  
0.7957785856 1.2690000000  
0.7956906719 1.2700000000  
0.7956028212 1.2710000000  
0.7955150335 1.2720000000  
0.7954273086 1.2730000000  
0.7953396465 1.2740000000  
0.7952520471 1.2750000000  
0.7951645104 1.2760000000  
0.7950770363 1.2770000000  
0.7949896247 1.2780000000  
0.7949022755 1.2790000000  
0.7948149886 1.2800000000  
0.7947277641 1.2810000000  
0.7946406017 1.2820000000  
0.7945535015 1.2830000000  
0.7944664634 1.2840000000  
0.7943794873 1.2850000000  
0.7942925731 1.2860000000  
0.7942057207 1.2870000000  
0.7941189302 1.2880000000  
0.7940322013 1.2890000000  
0.7939455341 1.2900000000  
0.7938589285 1.2910000000  
0.7937723844 1.2920000000  
0.7936859017 1.2930000000  
0.7935994803 1.2940000000  
0.7935131203 1.2950000000  
0.7934268215 1.2960000000  
0.7933405838 1.2970000000  
0.7932544072 1.2980000000  
0.7931682916 1.2990000000  
0.7930822370 1.3000000000  
0.7929962432 1.3010000000  
0.7929103102 1.3020000000  
0.7928244380 1.3030000000  
0.7927386264 1.3040000000  
0.7926528754 1.3050000000  
0.7925671849 1.3060000000  
0.7924815549 1.3070000000  
0.7923959853 1.3080000000  
0.7923104760 1.3090000000  
0.7922250269 1.3100000000  
0.7921396380 1.3110000000  
0.7920543092 1.3120000000  
0.7919690405 1.3130000000  
0.7918838317 1.3140000000  
0.7917986828 1.3150000000  
0.7917135938 1.3160000000  
0.7916285645 1.3170000000  
0.7915435950 1.3180000000  
0.7914586850 1.3190000000  
0.7913738346 1.3200000000  
0.7912890438 1.3210000000  
0.7912043123 1.3220000000  
0.7911196402 1.3230000000  
0.7910350275 1.3240000000  
0.7909504739 1.3250000000  
0.7908659795 1.3260000000  
0.7907815442 1.3270000000  
0.7906971679 1.3280000000  
0.7906128506 1.3290000000  
0.7905285922 1.3300000000  
0.7904443926 1.3310000000  
0.7903602517 1.3320000000  
0.7902761696 1.3330000000  
0.7901921460 1.3340000000  
0.7894681440 1.3350000000  
0.7893846213 1.3360000000  
0.7893011565 1.3370000000  
0.7892177495 1.3380000000  
0.7891344004 1.3390000000  
0.7890511090 1.3400000000  
0.7889678753 1.3410000000  
0.7888846991 1.3420000000  
0.7888015806 1.3430000000  
0.7887185195 1.3440000000  
0.7886355158 1.3450000000  
0.7885525695 1.3460000000  
0.7884696805 1.3470000000  
0.7883868487 1.3480000000  
0.7883040741 1.3490000000  
0.7882213566 1.3500000000  
0.7881386961 1.3510000000  
0.7880560926 1.3520000000  
0.7879735460 1.3530000000  
0.7878910563 1.3540000000  
0.7878086233 1.3550000000  
0.7877262470 1.3560000000  
0.7876439274 1.3570000000  
0.7875616644 1.3580000000  
0.7874794580 1.3590000000  
0.7873973080 1.3600000000  
0.7873152144 1.3610000000  
0.7872331772 1.3620000000  
0.7871511962 1.3630000000  
0.7870692715 1.3640000000  
0.7869874029 1.3650000000  
0.7869055904 1.3660000000  
0.7868238339 1.3670000000  
0.7867421334 1.3680000000  
0.7866604889 1.3690000000  
0.7865789001 1.3700000000  
0.7864973672 1.3710000000  
0.7864158900 1.3720000000  
0.7863344684 1.3730000000  
0.7862531025 1.3740000000  
0.7861717921 1.3750000000  
0.7860905372 1.3760000000  
0.7860093376 1.3770000000  
0.7859281935 1.3780000000  
0.7858471046 1.3790000000  
0.7857660710 1.3800000000  
0.7856850926 1.3810000000  
0.7856041693 1.3820000000  
0.7855233010 1.3830000000  
0.7854424877 1.3840000000  
0.7853617294 1.3850000000  
0.7852810259 1.3860000000  
0.7852003772 1.3870000000  
0.7851197833 1.3880000000  
0.7850392441 1.3890000000  
0.7849587596 1.3900000000  
0.7848783296 1.3910000000  
0.7847979541 1.3920000000  
0.7847176330 1.3930000000  
0.7846373664 1.3940000000  
0.7845571541 1.3950000000  
0.7844769961 1.3960000000  
0.7843968923 1.3970000000  
0.7843168426 1.3980000000  
0.7842368471 1.3990000000  
0.7841569056 1.4000000000  
0.7840770181 1.4010000000  
0.7839971845 1.4020000000  
0.7839174047 1.4030000000  
0.7838376788 1.4040000000  
0.7837580066 1.4050000000  
0.7836783881 1.4060000000  
0.7835988232 1.4070000000  
0.7835193120 1.4080000000  
0.7834398542 1.4090000000  
0.7833604498 1.4100000000  
0.7832810989 1.4110000000  
0.7832018013 1.4120000000  
0.7831225570 1.4130000000  
0.7830433660 1.4140000000  
0.7829642281 1.4150000000  
0.7828851433 1.4160000000  
0.7828061115 1.4170000000  
0.7827271328 1.4180000000  
0.7826482069 1.4190000000  
0.7825693340 1.4200000000  
0.7824905139 1.4210000000  
0.7824117466 1.4220000000  
0.7823330319 1.4230000000  
0.7822543699 1.4240000000  
0.7821757606 1.4250000000  
0.7820972037 1.4260000000  
0.7820186994 1.4270000000  
0.7819402474 1.4280000000  
0.7818618478 1.4290000000  
0.7817835006 1.4300000000  
0.7817052056 1.4310000000  
0.7816269628 1.4320000000  
0.7815487722 1.4330000000  
0.7814706336 1.4340000000  
0.7813925471 1.4350000000  
0.7813145125 1.4360000000  
0.7812365299 1.4370000000  
0.7811585991 1.4380000000  
0.7810807202 1.4390000000  
0.7810028930 1.4400000000  
0.7809251175 1.4410000000  
0.7808473936 1.4420000000  
0.7807697214 1.4430000000  
0.7806921006 1.4440000000  
0.7806145314 1.4450000000  
0.7805370135 1.4460000000  
0.7804595471 1.4470000000  
0.7803821319 1.4480000000  
0.7803047681 1.4490000000  
0.7802274554 1.4500000000  
0.7801501938 1.4510000000  
0.7800729834 1.4520000000  
0.7799958240 1.4530000000  
0.7799187156 1.4540000000  
0.7798416581 1.4550000000  
0.7797646515 1.4560000000  
0.7796876958 1.4570000000  
0.7796107908 1.4580000000  
0.7795339365 1.4590000000  
0.7794571328 1.4600000000  
0.7793803798 1.4610000000  
0.7793036774 1.4620000000  
0.7792270254 1.4630000000  
0.7791504239 1.4640000000  
0.7790738728 1.4650000000  
0.7789973720 1.4660000000  
0.7789209215 1.4670000000  
0.7788445213 1.4680000000  
0.7787681712 1.4690000000  
0.7786918712 1.4700000000  
0.7786156214 1.4710000000  
0.7785394215 1.4720000000  
0.7784632716 1.4730000000  
0.7783871717 1.4740000000  
0.7783111216 1.4750000000  
0.7782351213 1.4760000000  
0.7781591708 1.4770000000  
0.7780832700 1.4780000000  
0.7780074188 1.4790000000  
0.7779316172 1.4800000000  
0.7778558652 1.4810000000  
0.7777801627 1.4820000000  
0.7777045096 1.4830000000  
0.7776289059 1.4840000000  
0.7775533516 1.4850000000  
0.7774778466 1.4860000000  
0.7774023907 1.4870000000  
0.7773269841 1.4880000000  
0.7772516266 1.4890000000  
0.7771763182 1.4900000000  
0.7771010589 1.4910000000  
0.7770258485 1.4920000000  
0.7769506870 1.4930000000  
0.7768755744 1.4940000000  
0.7768005106 1.4950000000  
0.7767254957 1.4960000000  
0.7766505294 1.4970000000  
0.7765756118 1.4980000000  
0.7765007428 1.4990000000  
0.7764259224 1.5000000000  
0.7763511506 1.5010000000  
0.7762764272 1.5020000000  
0.7762017522 1.5030000000  
0.7761271256 1.5040000000  
0.7760525473 1.5050000000  
0.7753953802 1.5060000000  
0.7753212132 1.5070000000  
0.7752470940 1.5080000000  
0.7751730226 1.5090000000  
0.7750989989 1.5100000000  
0.7750250228 1.5110000000  
0.7749510943 1.5120000000  
0.7748772134 1.5130000000  
0.7748033800 1.5140000000  
0.7747295940 1.5150000000  
0.7746558555 1.5160000000  
0.7751613584 1.5170000000  
0.7750874036 1.5180000000  
0.7750134966 1.5190000000  
0.7749396371 1.5200000000  
0.7748658251 1.5210000000  
0.7747920605 1.5220000000  
0.7747183434 1.5230000000  
0.7746446737 1.5240000000  
0.7745710513 1.5250000000  
0.7744974762 1.5260000000  
0.7744239483 1.5270000000  
0.7743504676 1.5280000000  
0.7742770340 1.5290000000  
0.7742036475 1.5300000000  
0.7741303081 1.5310000000  
0.7740570156 1.5320000000  
0.7739837701 1.5330000000  
0.7739105714 1.5340000000  
0.7738374196 1.5350000000  
0.7737643146 1.5360000000  
0.7736912563 1.5370000000  
0.7736182447 1.5380000000  
0.7735452797 1.5390000000  
0.7734723614 1.5400000000  
0.7733994896 1.5410000000  
0.7733266643 1.5420000000  
0.7732538855 1.5430000000  
0.7731811531 1.5440000000  
0.7731084670 1.5450000000  
0.7730358273 1.5460000000  
0.7729632338 1.5470000000  
0.7728906865 1.5480000000  
0.7728181854 1.5490000000  
0.7727457305 1.5500000000  
0.7726733216 1.5510000000  
0.7726009587 1.5520000000  
0.7725286418 1.5530000000  
0.7724563709 1.5540000000  
0.7723841458 1.5550000000  
0.7723119666 1.5560000000  
0.7722398332 1.5570000000  
0.7721677455 1.5580000000  
0.7720957035 1.5590000000  
0.7720237072 1.5600000000  
0.7719517565 1.5610000000  
0.7718798513 1.5620000000  
0.7718079917 1.5630000000  
0.7717361775 1.5640000000  
0.7716644088 1.5650000000  
0.7715926854 1.5660000000  
0.7715210074 1.5670000000  
0.7714493746 1.5680000000  
0.7713777871 1.5690000000  
0.7713062448 1.5700000000  
0.7712347476 1.5710000000  
0.7711632956 1.5720000000  
0.7710918885 1.5730000000  
0.7710205265 1.5740000000  
0.7709492095 1.5750000000  
0.7708779373 1.5760000000  
0.7708067101 1.5770000000  
0.7707355277 1.5780000000  
0.7706643900 1.5790000000  
0.7705932971 1.5800000000  
0.7705222489 1.5810000000  
0.7704512453 1.5820000000  
0.7703802863 1.5830000000  
0.7703093719 1.5840000000  
0.7702385020 1.5850000000  
0.7701676765 1.5860000000  
0.7700968955 1.5870000000  
0.7700261589 1.5880000000  
0.7699554666 1.5890000000  
0.7698848185 1.5900000000  
0.7698142148 1.5910000000  
0.7697436552 1.5920000000  
0.7696731397 1.5930000000  
0.7696026684 1.5940000000  
0.7695322411 1.5950000000  
0.7694618579 1.5960000000  
0.7693915186 1.5970000000  
0.7693212233 1.5980000000  
0.7692509719 1.5990000000  
0.7691807643 1.6000000000  
0.7691106005 1.6010000000  
0.7690404804 1.6020000000  
0.7689704041 1.6030000000  
0.7689003714 1.6040000000  
0.7688303824 1.6050000000  
0.7687604369 1.6060000000  
0.7686905350 1.6070000000  
0.7686206765 1.6080000000  
0.7685508616 1.6090000000  
0.7684810900 1.6100000000  
0.7684113618 1.6110000000  
0.7683416769 1.6120000000  
0.7682720353 1.6130000000  
0.7682024369 1.6140000000  
0.7681328817 1.6150000000  
0.7680633696 1.6160000000  
0.7679939007 1.6170000000  
0.7679244748 1.6180000000  
0.7678550920 1.6190000000  
0.7677857521 1.6200000000  
0.7677164551 1.6210000000  
0.7676472011 1.6220000000  
0.7675779898 1.6230000000  
0.7675088214 1.6240000000  
0.7674396958 1.6250000000  
0.7673706128 1.6260000000  
0.7673015726 1.6270000000  
0.7672325750 1.6280000000  
0.7671636199 1.6290000000  
0.7670947075 1.6300000000  
0.7670258375 1.6310000000  
0.7669570100 1.6320000000  
0.7668882249 1.6330000000  
0.7668194822 1.6340000000  
0.7667507819 1.6350000000  
0.7666821238 1.6360000000  
0.7666135080 1.6370000000  
0.7665449344 1.6380000000  
0.7664764030 1.6390000000  
0.7664079137 1.6400000000  
0.7663394665 1.6410000000  
0.7662710613 1.6420000000  
0.7662026982 1.6430000000  
0.7661343770 1.6440000000  
0.7660660978 1.6450000000  
0.7659978604 1.6460000000  
0.7659296649 1.6470000000  
0.7658615111 1.6480000000  
0.7657933992 1.6490000000  
0.7657253289 1.6500000000  
0.7656573003 1.6510000000  
0.7655893134 1.6520000000  
0.7655213680 1.6530000000  
0.7654534642 1.6540000000  
0.7653856019 1.6550000000  
0.7653177811 1.6560000000  
0.7652500017 1.6570000000  
0.7651822637 1.6580000000  
0.7651145671 1.6590000000  
0.7650469118 1.6600000000  
0.7649792977 1.6610000000  
0.7649117249 1.6620000000  
0.7648441932 1.6630000000  
0.7647767027 1.6640000000  
0.7647092533 1.6650000000  
0.7646418450 1.6660000000  
0.7645744777 1.6670000000  
0.7645071514 1.6680000000  
0.7644398660 1.6690000000  
0.7643726215 1.6700000000  
0.7643054180 1.6710000000  
0.7642382552 1.6720000000  
0.7641711332 1.6730000000  
0.7641040520 1.6740000000  
0.7640370114 1.6750000000  
0.7639700116 1.6760000000  
0.7639030524 1.6770000000  
0.7638361337 1.6780000000  
0.7637692556 1.6790000000  
0.7637024180 1.6800000000  
0.7636356209 1.6810000000  
0.7635688643 1.6820000000  
0.7635021480 1.6830000000  
0.7634354720 1.6840000000  
0.7633688364 1.6850000000  
0.7633022411 1.6860000000  
0.7632356859 1.6870000000  
0.7631691710 1.6880000000  
0.7631026963 1.6890000000  
0.7630362616 1.6900000000  
0.7629698670 1.6910000000  
0.7629035125 1.6920000000  
0.7628371980 1.6930000000  
0.7627709234 1.6940000000  
0.7627046888 1.6950000000  
0.7626384940 1.6960000000  
0.7625723391 1.6970000000  
0.7625062240 1.6980000000  
0.7624401487 1.6990000000  
0.7623741131 1.7000000000  
0.7623081172 1.7010000000  
0.7622421610 1.7020000000  
0.7621762443 1.7030000000  
0.7621103673 1.7040000000  
0.7620445298 1.7050000000  
0.7619787318 1.7060000000  
0.7619129732 1.7070000000  
0.7618472541 1.7080000000  
0.7617815744 1.7090000000  
0.7617159340 1.7100000000  
0.7616503329 1.7110000000  
0.7615847711 1.7120000000  
0.7615192485 1.7130000000  
0.7614537652 1.7140000000  
0.7613883210 1.7150000000  
0.7613229159 1.7160000000  
0.7612575499 1.7170000000  
0.7611922230 1.7180000000  
0.7611269350 1.7190000000  
0.7610616861 1.7200000000  
0.7609964761 1.7210000000  
0.7609313049 1.7220000000  
0.7608661727 1.7230000000  
0.7608010793 1.7240000000  
0.7607360246 1.7250000000  
0.7606710087 1.7260000000  
0.7606060315 1.7270000000  
0.7605410930 1.7280000000  
0.7604761931 1.7290000000  
0.7604113319 1.7300000000  
0.7603465092 1.7310000000  
0.7602817250 1.7320000000  
0.7602169793 1.7330000000  
0.7601522721 1.7340000000  
0.7600876033 1.7350000000  
0.7600229729 1.7360000000  
0.7599583808 1.7370000000  
0.7598938270 1.7380000000  
0.7598293115 1.7390000000  
0.7597648343 1.7400000000  
0.7597003952 1.7410000000  
0.7596359943 1.7420000000  
0.7595716315 1.7430000000  
0.7595073069 1.7440000000  
0.7594430202 1.7450000000  
0.7593787716 1.7460000000  
0.7593145610 1.7470000000  
0.7592503883 1.7480000000  
0.7591862535 1.7490000000  
0.7591221567 1.7500000000  
0.7590580976 1.7510000000  
0.7589940763 1.7520000000  
0.7589300929 1.7530000000  
0.7588661471 1.7540000000  
0.7588022390 1.7550000000  
0.7587383686 1.7560000000  
0.7586745359 1.7570000000  
0.7586107407 1.7580000000  
0.7585469830 1.7590000000  
0.7584832629 1.7600000000  
0.7584195803 1.7610000000  
0.7583559351 1.7620000000  
0.7582923273 1.7630000000  
0.7582287569 1.7640000000  
0.7581652239 1.7650000000  
0.7581017281 1.7660000000  
0.7580382696 1.7670000000  
0.7579748484 1.7680000000  
0.7579114643 1.7690000000  
0.7578481174 1.7700000000  
0.7577848077 1.7710000000  
0.7577215350 1.7720000000  
0.7576582994 1.7730000000  
0.7575951009 1.7740000000  
0.7575319393 1.7750000000  
0.7574688146 1.7760000000  
0.7574057269 1.7770000000  
0.7573426761 1.7780000000  
0.7572796622 1.7790000000  
0.7572166850 1.7800000000  
0.7571537446 1.7810000000  
0.7570908410 1.7820000000  
0.7570279741 1.7830000000  
0.7569651439 1.7840000000  
0.7569023503 1.7850000000  
0.7568395934 1.7860000000  
0.7567768730 1.7870000000  
0.7567141891 1.7880000000  
0.7566515418 1.7890000000  
0.7565889309 1.7900000000  
0.7565263565 1.7910000000  
0.7564638185 1.7920000000  
0.7564013168 1.7930000000  
0.7563388515 1.7940000000  
0.7562764225 1.7950000000  
0.7562140298 1.7960000000  
0.7561516733 1.7970000000  
0.7560893530 1.7980000000  
0.7560270689 1.7990000000  
0.7559648209 1.8000000000  
0.7559026090 1.8010000000  
0.7558404332 1.8020000000  
0.7557782934 1.8030000000  
0.7557161896 1.8040000000  
0.7556541218 1.8050000000  
0.7555920899 1.8060000000  
0.7555300939 1.8070000000  
0.7554681338 1.8080000000  
0.7554062096 1.8090000000  
0.7553443211 1.8100000000  
0.7552824684 1.8110000000  
0.7552206514 1.8120000000  
0.7551588701 1.8130000000  
0.7550971245 1.8140000000  
0.7550354146 1.8150000000  
0.7549737402 1.8160000000  
0.7549121014 1.8170000000  
0.7543510347 1.8180000000  
0.7542896926 1.8190000000  
0.7542283858 1.8200000000  
0.7541671141 1.8210000000  
0.7541058777 1.8220000000  
0.7540446764 1.8230000000  
0.7539835102 1.8240000000  
0.7539223792 1.8250000000  
0.7538612831 1.8260000000  
0.7538002221 1.8270000000  
0.7537391961 1.8280000000  
0.7536782051 1.8290000000  
0.7536172490 1.8300000000  
0.7535563277 1.8310000000  
0.7534954414 1.8320000000  
0.7534345899 1.8330000000  
0.7533737731 1.8340000000  
0.7533129912 1.8350000000  
0.7532522440 1.8360000000  
0.7531915314 1.8370000000  
0.7531308536 1.8380000000  
0.7530702104 1.8390000000  
0.7530096018 1.8400000000  
0.7529490278 1.8410000000  
0.7528884883 1.8420000000  
0.7528279834 1.8430000000  
0.7527675129 1.8440000000  
0.7527070769 1.8450000000  
0.7526466753 1.8460000000  
0.7525863081 1.8470000000  
0.7525259752 1.8480000000  
0.7524656767 1.8490000000  
0.7524054125 1.8500000000  
0.7523451825 1.8510000000  
0.7522849868 1.8520000000  
0.7522248252 1.8530000000  
0.7521646979 1.8540000000  
0.7521046046 1.8550000000  
0.7520445455 1.8560000000  
0.7519845205 1.8570000000  
0.7519245295 1.8580000000  
0.7518645725 1.8590000000  
0.7518046495 1.8600000000  
0.7517447605 1.8610000000  
0.7516849054 1.8620000000  
0.7516250841 1.8630000000  
0.7515652968 1.8640000000  
0.7515055432 1.8650000000  
0.7514458235 1.8660000000  
0.7513861375 1.8670000000  
0.7513264853 1.8680000000  
0.7512668668 1.8690000000  
0.7512072819 1.8700000000  
0.7511477307 1.8710000000  
0.7510882132 1.8720000000  
0.7510287292 1.8730000000  
0.7509692787 1.8740000000  
0.7509098618 1.8750000000  
0.7508504784 1.8760000000  
0.7507911285 1.8770000000  
0.7507318119 1.8780000000  
0.7506725288 1.8790000000  
0.7506132791 1.8800000000  
0.7505540627 1.8810000000  
0.7504948796 1.8820000000  
0.7504357298 1.8830000000  
0.7503766133 1.8840000000  
0.7503175300 1.8850000000  
0.7502584799 1.8860000000  
0.7501994629 1.8870000000  
0.7501404791 1.8880000000  
0.7500815284 1.8890000000  
0.7500226107 1.8900000000  
0.7499637261 1.8910000000  
0.7499048746 1.8920000000  
0.7498460560 1.8930000000  
0.7497872703 1.8940000000  
0.7497285176 1.8950000000  
0.7496697978 1.8960000000  
0.7496111109 1.8970000000  
0.7495524568 1.8980000000  
0.7494938355 1.8990000000  
0.7494352470 1.9000000000  
0.7493766912 1.9010000000  
0.7493181681 1.9020000000  
0.7492596778 1.9030000000  
0.7492012201 1.9040000000  
0.7491427950 1.9050000000  
0.7490844026 1.9060000000  
0.7490260427 1.9070000000  
0.7489677154 1.9080000000  
0.7489094206 1.9090000000  
0.7488511582 1.9100000000  
0.7487929284 1.9110000000  
0.7487347309 1.9120000000  
0.7486765659 1.9130000000  
0.7486184332 1.9140000000  
0.7485603329 1.9150000000  
0.7485022649 1.9160000000  
0.7484442292 1.9170000000  
0.7483862257 1.9180000000  
0.7483282545 1.9190000000  
0.7482703155 1.9200000000  
0.7482124086 1.9210000000  
0.7481545339 1.9220000000  
0.7480966913 1.9230000000  
0.7480388808 1.9240000000  
0.7479811023 1.9250000000  
0.7479233559 1.9260000000  
0.7478656414 1.9270000000  
0.7478079590 1.9280000000  
0.7477503084 1.9290000000  
0.7476926898 1.9300000000  
0.7476351031 1.9310000000  
0.7475775482 1.9320000000  
0.7475200252 1.9330000000  
0.7474625340 1.9340000000  
0.7474050745 1.9350000000  
0.7473476468 1.9360000000  
0.7472902508 1.9370000000  
0.7472328865 1.9380000000  
0.7471755539 1.9390000000  
0.7471182529 1.9400000000  
0.7470609835 1.9410000000  
0.7470037456 1.9420000000  
0.7469465394 1.9430000000  
0.7468893646 1.9440000000  
0.7468322214 1.9450000000  
0.7467751096 1.9460000000  
0.7467180292 1.9470000000  
0.7466609803 1.9480000000  
0.7466039627 1.9490000000  
0.7465469765 1.9500000000  
0.7464900216 1.9510000000  
0.7464330981 1.9520000000  
0.7463762058 1.9530000000  
0.7463193447 1.9540000000  
0.7462625149 1.9550000000  
0.7462057162 1.9560000000  
0.7461489487 1.9570000000  
0.7460922124 1.9580000000  
0.7460355071 1.9590000000  
0.7459788330 1.9600000000  
0.7459221899 1.9610000000  
0.7458655778 1.9620000000  
0.7458089967 1.9630000000  
0.7457524466 1.9640000000  
0.7456959275 1.9650000000  
0.7456394392 1.9660000000  
0.7455829819 1.9670000000  
0.7455265554 1.9680000000  
0.7454701597 1.9690000000  
0.7454137949 1.9700000000  
0.7453574608 1.9710000000  
0.7453011575 1.9720000000  
0.7452448850 1.9730000000  
0.7451886431 1.9740000000  
0.7451324319 1.9750000000  
0.7450762514 1.9760000000  
0.7450201014 1.9770000000  
0.7449639821 1.9780000000  
0.7449078933 1.9790000000  
0.7448518351 1.9800000000  
0.7447958074 1.9810000000  
0.7447398102 1.9820000000  
0.7446838435 1.9830000000  
0.7446279071 1.9840000000  
0.7445720012 1.9850000000  
0.7445161257 1.9860000000  
0.7444602806 1.9870000000  
0.7444044657 1.9880000000  
0.7443486812 1.9890000000  
0.7442929269 1.9900000000  
0.7442372029 1.9910000000  
0.7441815092 1.9920000000  
0.7441258456 1.9930000000  
0.7440702122 1.9940000000  
0.7440146089 1.9950000000  
0.7439590358 1.9960000000  
0.7439034927 1.9970000000  
0.7438479797 1.9980000000  
0.7437924968 1.9990000000  
0.7437370439 2.0000000000  
