0.5024607200 0.0010000000  
0.5024191401 0.0020000000  
0.5024301064 0.0030000000  
0.5035336488 0.0040000000  
0.5056702033 0.0050000000  
0.5066756355 0.0060000000  
0.5068705706 0.0070000000  
0.5076122032 0.0080000000  
0.5084833575 0.0090000000  
0.5095051887 0.0100000000  
0.5105367691 0.0110000000  
0.5105260414 0.0120000000  
0.5108439173 0.0130000000  
0.5108362366 0.0140000000  
0.5117847895 0.0150000000  
0.5117810263 0.0160000000  
0.5117781889 0.0170000000  
0.5117759884 0.0180000000  
0.5117742220 0.0190000000  
0.5117727483 0.0200000000  
0.5149536376 0.0210000000  
0.5159086984 0.0220000000  
0.5159072878 0.0230000000  
0.5155874610 0.0240000000  
0.5159045909 0.0250000000  
0.5159032612 0.0260000000  
0.5159019261 0.0270000000  
0.5159005776 0.0280000000  
0.5158992105 0.0290000000  
0.5155795988 0.0300000000  
0.5190791251 0.0310000000  
0.5187590843 0.0320000000  
0.5187573668 0.0330000000  
0.5181191314 0.0340000000  
0.5181174027 0.0350000000  
0.5181156412 0.0360000000  
0.5177957272 0.0370000000  
0.5177939342 0.0380000000  
0.5177921110 0.0390000000  
0.5171542648 0.0400000000  
0.5206509647 0.0410000000  
0.5206487455 0.0420000000  
0.5200103642 0.0430000000  
0.5196901512 0.0440000000  
0.5190520742 0.0450000000  
0.5190499075 0.0460000000  
0.5190477122 0.0470000000  
0.5190454885 0.0480000000  
0.5180900202 0.0490000000  
0.5180878553 0.0500000000  
0.5203095678 0.0510000000  
0.5203070784 0.0520000000  
0.5199868805 0.0530000000  
0.5193491536 0.0540000000  
0.5193467015 0.0550000000  
0.5190267231 0.0560000000  
0.5183893988 0.0570000000  
0.5180696329 0.0580000000  
0.5180672469 0.0590000000  
0.5202861749 0.0600000000  
0.5193314553 0.0610000000  
0.5193288282 0.0620000000  
0.5186917890 0.0630000000  
0.5186892026 0.0640000000  
0.5180524565 0.0650000000  
0.5174159388 0.0660000000  
0.5193153415 0.0670000000  
0.5186786348 0.0680000000  
0.5183590419 0.0690000000  
0.5183563707 0.0700000000  
0.5177201255 0.0710000000  
0.5174008039 0.0720000000  
0.5164483476 0.0730000000  
0.5158128143 0.0740000000  
0.5158104256 0.0750000000  
0.5167573560 0.0760000000  
0.5164383754 0.0770000000  
0.5158031597 0.0780000000  
0.5148519501 0.0790000000  
0.5126367128 0.0800000000  
0.5123186959 0.0810000000  
0.5104211198 0.0820000000  
0.5082087129 0.0830000000  
0.5050503567 0.0840000000  
