0.5000299291 0.0010000000  
0.5000403045 0.0020000000  
0.5000466446 0.0030000000  
0.5001138525 0.0040000000  
0.5001645498 0.0050000000  
0.5002266800 0.0060000000  
0.5003003457 0.0070000000  
0.5003856701 0.0080000000  
0.5004827982 0.0090000000  
0.5005918983 0.0100000000  
0.5007131631 0.0110000000  
0.5007193321 0.0120000000  
0.5008428674 0.0130000000  
0.5008545067 0.0140000000  
0.5009807817 0.0150000000  
0.5009958204 0.0160000000  
0.5010180294 0.0170000000  
0.5010450685 0.0180000000  
0.5010755178 0.0190000000  
0.5011084607 0.0200000000  
0.5017502555 0.0210000000  
0.5019267328 0.0220000000  
0.5019056412 0.0230000000  
0.5018990069 0.0240000000  
0.5020665675 0.0250000000  
0.5020634881 0.0260000000  
0.5020689928 0.0270000000  
0.5020809417 0.0280000000  
0.5020978409 0.0290000000  
0.5021186135 0.0300000000  
0.5030222897 0.0310000000  
0.5029905731 0.0320000000  
0.5029713423 0.0330000000  
0.5029617133 0.0340000000  
0.5029596155 0.0350000000  
0.5029635213 0.0360000000  
0.5029722781 0.0370000000  
0.5029849988 0.0380000000  
0.5030009883 0.0390000000  
0.5028854719 0.0400000000  
0.5029107636 0.0410000000  
0.5029374598 0.0420000000  
0.5039380206 0.0430000000  
0.5037447652 0.0440000000  
0.5037522611 0.0450000000  
0.5037628464 0.0460000000  
0.5037760561 0.0470000000  
0.5037915041 0.0480000000  
0.5036635930 0.0490000000  
0.5036861923 0.0500000000  
0.5045688344 0.0510000000  
0.5045702769 0.0520000000  
0.5043950634 0.0530000000  
0.5044071572 0.0540000000  
0.5044209853 0.0550000000  
0.5042813164 0.0560000000  
0.5043011354 0.0570000000  
0.5041816246 0.0580000000  
0.5042052633 0.0590000000  
0.5050494236 0.0600000000  
0.5048858431 0.0610000000  
0.5049003752 0.0620000000  
0.5047586075 0.0630000000  
0.5047773320 0.0640000000  
0.5046519528 0.0650000000  
0.5045375099 0.0660000000  
0.5053578584 0.0670000000  
0.5052033317 0.0680000000  
0.5050623575 0.0690000000  
0.5050800965 0.0700000000  
0.5049520430 0.0710000000  
0.5048330590 0.0720000000  
0.5047217632 0.0730000000  
0.5046170006 0.0740000000  
0.5045177959 0.0750000000  
0.5050753151 0.0760000000  
0.5049541399 0.0770000000  
0.5048390908 0.0780000000  
0.5046066639 0.0790000000  
0.5037942674 0.0800000000  
0.5035483898 0.0810000000  
0.5029465868 0.0820000000  
0.5022659358 0.0830000000  
0.5013386204 0.0840000000  
