0.9999946567 0.0010000000  
0.9999786393 0.0020000000  
0.9999519851 0.0030000000  
0.9999147563 0.0040000000  
0.9998670388 0.0050000000  
0.9998089417 0.0060000000  
0.9997405964 0.0070000000  
0.9996621555 0.0080000000  
0.9995737911 0.0090000000  
0.9994756937 0.0100000000  
0.9993680705 0.0110000000  
0.9992511439 0.0120000000  
0.9991251495 0.0130000000  
0.9989903347 0.0140000000  
0.9988469569 0.0150000000  
0.9986952816 0.0160000000  
0.9985355809 0.0170000000  
0.9983681319 0.0180000000  
0.9981932151 0.0190000000  
0.9980111128 0.0200000000  
0.9978221081 0.0210000000  
0.9976264833 0.0220000000  
0.9974245188 0.0230000000  
0.9972164921 0.0240000000  
0.9970026769 0.0250000000  
0.9967833424 0.0260000000  
0.9965587521 0.0270000000  
0.9963291636 0.0280000000  
0.9971114528 0.0290000000  
0.9969240564 0.0300000000  
0.9967321502 0.0310000000  
0.9965358738 0.0320000000  
0.9963353657 0.0330000000  
0.9961307631 0.0340000000  
0.9959222018 0.0350000000  
0.9957098159 0.0360000000  
0.9954937376 0.0370000000  
0.9952740971 0.0380000000  
0.9950510225 0.0390000000  
0.9948246395 0.0400000000  
0.9945950714 0.0410000000  
0.9943624391 0.0420000000  
0.9941268608 0.0430000000  
0.9938884520 0.0440000000  
0.9936473256 0.0450000000  
0.9944205608 0.0460000000  
0.9942031261 0.0470000000  
0.9939830009 0.0480000000  
0.9937602683 0.0490000000  
0.9935350100 0.0500000000  
0.9933073062 0.0510000000  
0.9930772359 0.0520000000  
0.9928448766 0.0530000000  
0.9926103044 0.0540000000  
0.9923735936 0.0550000000  
0.9921348175 0.0560000000  
0.9918940474 0.0570000000  
0.9916513534 0.0580000000  
0.9914068040 0.0590000000  
0.9911604661 0.0600000000  
0.9909124049 0.0610000000  
0.9916659634 0.0620000000  
0.9914336594 0.0630000000  
0.9911995893 0.0640000000  
0.9909638072 0.0650000000  
0.9907263658 0.0660000000  
0.9904873174 0.0670000000  
0.9902467128 0.0680000000  
0.9900046020 0.0690000000  
0.9897610340 0.0700000000  
0.9895160568 0.0710000000  
0.9892697175 0.0720000000  
0.9890220620 0.0730000000  
0.9887731354 0.0740000000  
0.9885229817 0.0750000000  
0.9882716441 0.0760000000  
0.9880191646 0.0770000000  
0.9877655844 0.0780000000  
0.9885160228 0.0790000000  
0.9882736990 0.0800000000  
0.9880302161 0.0810000000  
0.9877856103 0.0820000000  
0.9875399172 0.0830000000  
0.9872931716 0.0840000000  
0.9870454077 0.0850000000  
0.9867966589 0.0860000000  
0.9865469579 0.0870000000  
0.9862963370 0.0880000000  
0.9860448275 0.0890000000  
0.9857924603 0.0900000000  
0.9855392654 0.0910000000  
0.9852852723 0.0920000000  
0.9850305099 0.0930000000  
0.9847750064 0.0940000000  
0.9845187893 0.0950000000  
0.9842618858 0.0960000000  
0.9850118359 0.0970000000  
0.9847632751 0.0980000000  
0.9845139713 0.0990000000  
0.9842639493 0.1000000000  
0.9840132333 0.1010000000  
0.9837618472 0.1020000000  
0.9835098143 0.1030000000  
0.9832571573 0.1040000000  
0.9830038986 0.1050000000  
0.9827500602 0.1060000000  
0.9824956634 0.1070000000  
0.9822407293 0.1080000000  
0.9819852785 0.1090000000  
0.9817293310 0.1100000000  
0.9814729067 0.1110000000  
0.9812160247 0.1120000000  
0.9809587040 0.1130000000  
0.9807009631 0.1140000000  
0.9804428199 0.1150000000  
0.9811908988 0.1160000000  
0.9809390762 0.1170000000  
0.9806868024 0.1180000000  
0.9804340943 0.1190000000  
0.9801809686 0.1200000000  
0.9799274419 0.1210000000  
0.9796735301 0.1220000000  
0.9794192489 0.1230000000  
0.9791646138 0.1240000000  
0.9789096399 0.1250000000  
0.9786543419 0.1260000000  
0.9783987344 0.1270000000  
0.9781428316 0.1280000000  
0.9778866473 0.1290000000  
0.9776301952 0.1300000000  
0.9773734886 0.1310000000  
0.9771165405 0.1320000000  
0.9768593639 0.1330000000  
0.9766019710 0.1340000000  
0.9763443743 0.1350000000  
0.9770880735 0.1360000000  
0.9768353357 0.1370000000  
0.9765823532 0.1380000000  
0.9763291377 0.1390000000  
0.9760757009 0.1400000000  
0.9758220540 0.1410000000  
0.9755682083 0.1420000000  
0.9753141746 0.1430000000  
0.9750599635 0.1440000000  
0.9748055856 0.1450000000  
0.9745510511 0.1460000000  
0.9742963701 0.1470000000  
0.9740415523 0.1480000000  
0.9737866076 0.1490000000  
0.9735315452 0.1500000000  
0.9732763745 0.1510000000  
0.9730211046 0.1520000000  
0.9727657443 0.1530000000  
0.9725103024 0.1540000000  
0.9722547874 0.1550000000  
0.9719992075 0.1560000000  
0.9717435711 0.1570000000  
0.9714878861 0.1580000000  
0.9722322060 0.1590000000  
0.9719802132 0.1600000000  
0.9717281386 0.1610000000  
0.9714759900 0.1620000000  
0.9712237752 0.1630000000  
0.9709715018 0.1640000000  
0.9707191771 0.1650000000  
0.9704668084 0.1660000000  
0.9702144028 0.1670000000  
0.9699619673 0.1680000000  
0.9697095088 0.1690000000  
0.9694570339 0.1700000000  
0.9692045493 0.1710000000  
0.9689520613 0.1720000000  
0.9686995763 0.1730000000  
0.9684471005 0.1740000000  
0.9681946399 0.1750000000  
0.9679422004 0.1760000000  
0.9676897880 0.1770000000  
0.9674374082 0.1780000000  
0.9671850666 0.1790000000  
0.9669327688 0.1800000000  
0.9666805201 0.1810000000  
0.9664283257 0.1820000000  
0.9661761908 0.1830000000  
0.9659241204 0.1840000000  
0.9656721194 0.1850000000  
0.9654201927 0.1860000000  
0.9661698742 0.1870000000  
0.9659206512 0.1880000000  
0.9656714763 0.1890000000  
0.9654223546 0.1900000000  
0.9651732907 0.1910000000  
0.9649242893 0.1920000000  
0.9646753549 0.1930000000  
0.9644264920 0.1940000000  
0.9641777050 0.1950000000  
0.9639289982 0.1960000000  
0.9636803758 0.1970000000  
0.9634318418 0.1980000000  
0.9631834004 0.1990000000  
0.9629350555 0.2000000000  
0.9626868109 0.2010000000  
0.9624386705 0.2020000000  
0.9621906379 0.2030000000  
0.9619427169 0.2040000000  
0.9616949110 0.2050000000  
0.9614472237 0.2060000000  
0.9611996584 0.2070000000  
0.9609522184 0.2080000000  
0.9607049072 0.2090000000  
0.9604577277 0.2100000000  
0.9602106834 0.2110000000  
0.9599637771 0.2120000000  
0.9597170119 0.2130000000  
0.9594703908 0.2140000000  
0.9592239167 0.2150000000  
0.9589775924 0.2160000000  
0.9587314207 0.2170000000  
0.9584854043 0.2180000000  
0.9582395458 0.2190000000  
0.9579938479 0.2200000000  
0.9577483130 0.2210000000  
0.9585037499 0.2220000000  
0.9582600763 0.2230000000  
0.9580165467 0.2240000000  
0.9577731637 0.2250000000  
0.9575299298 0.2260000000  
0.9572868475 0.2270000000  
0.9570439194 0.2280000000  
0.9568011477 0.2290000000  
0.9565585349 0.2300000000  
0.9563160833 0.2310000000  
0.9560737950 0.2320000000  
0.9558316724 0.2330000000  
0.9555897177 0.2340000000  
0.9553479328 0.2350000000  
0.9551063199 0.2360000000  
0.9548648811 0.2370000000  
0.9546236182 0.2380000000  
0.9543825333 0.2390000000  
0.9541416283 0.2400000000  
0.9539009050 0.2410000000  
0.9536603653 0.2420000000  
0.9534200108 0.2430000000  
0.9531798435 0.2440000000  
0.9529398649 0.2450000000  
0.9527000767 0.2460000000  
0.9524604807 0.2470000000  
0.9522210782 0.2480000000  
0.9519818710 0.2490000000  
0.9517428606 0.2500000000  
0.9515040484 0.2510000000  
0.9512654358 0.2520000000  
0.9510270244 0.2530000000  
0.9507888155 0.2540000000  
0.9505508104 0.2550000000  
0.9503130105 0.2560000000  
0.9500754171 0.2570000000  
0.9498380314 0.2580000000  
0.9496008546 0.2590000000  
0.9493638881 0.2600000000  
0.9491271329 0.2610000000  
0.9488905901 0.2620000000  
0.9486542610 0.2630000000  
0.9484181466 0.2640000000  
0.9481822480 0.2650000000  
0.9479465662 0.2660000000  
0.9477111021 0.2670000000  
0.9474758569 0.2680000000  
0.9472408315 0.2690000000  
0.9470060267 0.2700000000  
0.9467714436 0.2710000000  
0.9465370830 0.2720000000  
0.9463029457 0.2730000000  
0.9460690326 0.2740000000  
0.9458353446 0.2750000000  
0.9456018824 0.2760000000  
0.9453686468 0.2770000000  
0.9451356386 0.2780000000  
0.9449028585 0.2790000000  
0.9456708284 0.2800000000  
0.9454390375 0.2810000000  
0.9452074630 0.2820000000  
0.9449761058 0.2830000000  
0.9447449666 0.2840000000  
0.9445140463 0.2850000000  
0.9442833455 0.2860000000  
0.9440528650 0.2870000000  
0.9438226056 0.2880000000  
0.9435925678 0.2890000000  
0.9433627524 0.2900000000  
0.9431331601 0.2910000000  
0.9429037914 0.2920000000  
0.9426746469 0.2930000000  
0.9424457273 0.2940000000  
0.9422170332 0.2950000000  
0.9419885651 0.2960000000  
0.9417603236 0.2970000000  
0.9415323091 0.2980000000  
0.9413045223 0.2990000000  
0.9410769636 0.3000000000  
0.9408496334 0.3010000000  
0.9406225324 0.3020000000  
0.9403956608 0.3030000000  
0.9401690192 0.3040000000  
0.9399426080 0.3050000000  
0.9397164277 0.3060000000  
0.9394904785 0.3070000000  
0.9392647608 0.3080000000  
0.9390392752 0.3090000000  
0.9388140218 0.3100000000  
0.9385890011 0.3110000000  
0.9383642134 0.3120000000  
0.9381396589 0.3130000000  
0.9379153381 0.3140000000  
0.9376912512 0.3150000000  
0.9374673984 0.3160000000  
0.9372437802 0.3170000000  
0.9370203966 0.3180000000  
0.9367972480 0.3190000000  
0.9365743346 0.3200000000  
0.9363516566 0.3210000000  
0.9361292143 0.3220000000  
0.9359070078 0.3230000000  
0.9356850373 0.3240000000  
0.9354633031 0.3250000000  
0.9352418052 0.3260000000  
0.9350205440 0.3270000000  
0.9347995194 0.3280000000  
0.9345787317 0.3290000000  
0.9343581810 0.3300000000  
0.9341378674 0.3310000000  
0.9339177911 0.3320000000  
0.9336979521 0.3330000000  
0.9334783506 0.3340000000  
0.9332589866 0.3350000000  
0.9330398603 0.3360000000  
0.9328209717 0.3370000000  
0.9326023208 0.3380000000  
0.9323839078 0.3390000000  
0.9321657326 0.3400000000  
0.9319477954 0.3410000000  
0.9317300961 0.3420000000  
0.9315126348 0.3430000000  
0.9312954116 0.3440000000  
0.9310784264 0.3450000000  
0.9308616792 0.3460000000  
0.9306451700 0.3470000000  
0.9304288989 0.3480000000  
0.9302128658 0.3490000000  
0.9299970707 0.3500000000  
0.9297815136 0.3510000000  
0.9295661944 0.3520000000  
0.9293511132 0.3530000000  
0.9291362698 0.3540000000  
0.9289216642 0.3550000000  
0.9287072964 0.3560000000  
0.9284931662 0.3570000000  
0.9282792737 0.3580000000  
0.9280656188 0.3590000000  
0.9278522013 0.3600000000  
0.9276390213 0.3610000000  
0.9274260786 0.3620000000  
0.9272133730 0.3630000000  
0.9270009046 0.3640000000  
0.9267886733 0.3650000000  
0.9265766788 0.3660000000  
0.9263649211 0.3670000000  
0.9261534001 0.3680000000  
0.9259421157 0.3690000000  
0.9257310677 0.3700000000  
0.9255202560 0.3710000000  
0.9253096804 0.3720000000  
0.9250993409 0.3730000000  
0.9248892373 0.3740000000  
0.9246793694 0.3750000000  
0.9244697371 0.3760000000  
0.9242603402 0.3770000000  
0.9240511786 0.3780000000  
0.9238422521 0.3790000000  
0.9236335605 0.3800000000  
0.9234251037 0.3810000000  
0.9232168816 0.3820000000  
0.9230088938 0.3830000000  
0.9228011403 0.3840000000  
0.9225936208 0.3850000000  
0.9223863352 0.3860000000  
0.9221792833 0.3870000000  
0.9219724648 0.3880000000  
0.9217658797 0.3890000000  
0.9215595276 0.3900000000  
0.9213534084 0.3910000000  
0.9211475219 0.3920000000  
0.9209418679 0.3930000000  
0.9207364461 0.3940000000  
0.9205312564 0.3950000000  
0.9203262985 0.3960000000  
0.9201215722 0.3970000000  
0.9189172588 0.3980000000  
0.9187133448 0.3990000000  
0.9185096650 0.4000000000  
0.9183062192 0.4010000000  
0.9181030072 0.4020000000  
0.9179000285 0.4030000000  
0.9176972830 0.4040000000  
0.9174947704 0.4050000000  
0.9172924903 0.4060000000  
0.9170904426 0.4070000000  
0.9168886269 0.4080000000  
0.9166870429 0.4090000000  
0.9164856903 0.4100000000  
0.9162845690 0.4110000000  
0.9160836784 0.4120000000  
0.9158830185 0.4130000000  
0.9156825889 0.4140000000  
0.9154823892 0.4150000000  
0.9152824192 0.4160000000  
0.9150826787 0.4170000000  
0.9148831672 0.4180000000  
0.9146838845 0.4190000000  
0.9144848303 0.4200000000  
0.9142860043 0.4210000000  
0.9140874062 0.4220000000  
0.9138890357 0.4230000000  
0.9136908925 0.4240000000  
0.9134929763 0.4250000000  
0.9132952867 0.4260000000  
0.9130978235 0.4270000000  
0.9129005863 0.4280000000  
0.9127035749 0.4290000000  
0.9125067889 0.4300000000  
0.9123102280 0.4310000000  
0.9121138919 0.4320000000  
0.9119177803 0.4330000000  
0.9117218929 0.4340000000  
0.9115262293 0.4350000000  
0.9113307893 0.4360000000  
0.9111355726 0.4370000000  
0.9109405787 0.4380000000  
0.9107458074 0.4390000000  
0.9105512584 0.4400000000  
0.9103569314 0.4410000000  
0.9101628259 0.4420000000  
0.9099689418 0.4430000000  
0.9097752787 0.4440000000  
0.9095818363 0.4450000000  
0.9093886142 0.4460000000  
0.9091956121 0.4470000000  
0.9090028297 0.4480000000  
0.9088102668 0.4490000000  
0.9086179228 0.4500000000  
0.9084257976 0.4510000000  
0.9082338908 0.4520000000  
0.9080422021 0.4530000000  
0.9078507311 0.4540000000  
0.9076594776 0.4550000000  
0.9074684412 0.4560000000  
0.9072776215 0.4570000000  
0.9070870183 0.4580000000  
0.9068966312 0.4590000000  
0.9067064599 0.4600000000  
0.9065165041 0.4610000000  
0.9063267634 0.4620000000  
0.9061372375 0.4630000000  
0.9059479261 0.4640000000  
0.9057588288 0.4650000000  
0.9055699454 0.4660000000  
0.9053812755 0.4670000000  
0.9051928187 0.4680000000  
0.9050045748 0.4690000000  
0.9048165434 0.4700000000  
0.9046287242 0.4710000000  
0.9044411168 0.4720000000  
0.9032537786 0.4730000000  
0.9030671737 0.4740000000  
0.9028807805 0.4750000000  
0.9026945987 0.4760000000  
0.9025086280 0.4770000000  
0.9023228681 0.4780000000  
0.9021373185 0.4790000000  
0.9019519789 0.4800000000  
0.9017668490 0.4810000000  
0.9015819285 0.4820000000  
0.9013972170 0.4830000000  
0.9012127141 0.4840000000  
0.9010284195 0.4850000000  
0.9008443328 0.4860000000  
0.9006604538 0.4870000000  
0.9004767820 0.4880000000  
0.9002933172 0.4890000000  
0.9001100590 0.4900000000  
0.8999270069 0.4910000000  
0.8997441608 0.4920000000  
0.8995615203 0.4930000000  
0.8993790849 0.4940000000  
0.8991968545 0.4950000000  
0.8990148285 0.4960000000  
0.8988330067 0.4970000000  
0.8986513888 0.4980000000  
0.8984699744 0.4990000000  
0.8982887632 0.5000000000  
0.8981077547 0.5010000000  
0.8979269488 0.5020000000  
0.8977463450 0.5030000000  
0.8975659430 0.5040000000  
0.8973857425 0.5050000000  
0.8972057431 0.5060000000  
0.8970259446 0.5070000000  
0.8968463464 0.5080000000  
0.8966669484 0.5090000000  
0.8964877502 0.5100000000  
0.8963087514 0.5110000000  
0.8961299517 0.5120000000  
0.8959513508 0.5130000000  
0.8957729484 0.5140000000  
0.8955947440 0.5150000000  
0.8954167375 0.5160000000  
0.8952389283 0.5170000000  
0.8950613163 0.5180000000  
0.8948839011 0.5190000000  
0.8947066823 0.5200000000  
0.8945296596 0.5210000000  
0.8943528327 0.5220000000  
0.8941762012 0.5230000000  
0.8939997649 0.5240000000  
0.8938235234 0.5250000000  
0.8936474763 0.5260000000  
0.8924718168 0.5270000000  
0.8922968365 0.5280000000  
0.8921220497 0.5290000000  
0.8919474560 0.5300000000  
0.8917730551 0.5310000000  
0.8915988467 0.5320000000  
0.8914248304 0.5330000000  
0.8912510060 0.5340000000  
0.8910773730 0.5350000000  
0.8909039311 0.5360000000  
0.8907306801 0.5370000000  
0.8905576195 0.5380000000  
0.8903847491 0.5390000000  
0.8902120686 0.5400000000  
0.8900395775 0.5410000000  
0.8898672755 0.5420000000  
0.8896951624 0.5430000000  
0.8895232378 0.5440000000  
0.8893515014 0.5450000000  
0.8891799529 0.5460000000  
0.8890085919 0.5470000000  
0.8888374180 0.5480000000  
0.8886664311 0.5490000000  
0.8884956307 0.5500000000  
0.8883250166 0.5510000000  
0.8881545884 0.5520000000  
0.8879843458 0.5530000000  
0.8878142884 0.5540000000  
0.8876444160 0.5550000000  
0.8874747282 0.5560000000  
0.8873052248 0.5570000000  
0.8871359053 0.5580000000  
0.8869667695 0.5590000000  
0.8867978171 0.5600000000  
0.8866290477 0.5610000000  
0.8864604610 0.5620000000  
0.8862920568 0.5630000000  
0.8861238346 0.5640000000  
0.8859557943 0.5650000000  
0.8857879354 0.5660000000  
0.8856202576 0.5670000000  
0.8854527608 0.5680000000  
0.8852854444 0.5690000000  
0.8851183083 0.5700000000  
0.8849513520 0.5710000000  
0.8847845754 0.5720000000  
0.8846179781 0.5730000000  
0.8834522266 0.5740000000  
0.8832867308 0.5750000000  
0.8831214128 0.5760000000  
0.8829562724 0.5770000000  
0.8827913092 0.5780000000  
0.8826265231 0.5790000000  
0.8824619135 0.5800000000  
0.8822974803 0.5810000000  
0.8821332231 0.5820000000  
0.8819691416 0.5830000000  
0.8818052356 0.5840000000  
0.8816415047 0.5850000000  
0.8814779485 0.5860000000  
0.8813145669 0.5870000000  
0.8811513595 0.5880000000  
0.8809883260 0.5890000000  
0.8808254661 0.5900000000  
0.8806627794 0.5910000000  
0.8805002658 0.5920000000  
0.8803379249 0.5930000000  
0.8801757563 0.5940000000  
0.8800137599 0.5950000000  
0.8798519352 0.5960000000  
0.8796902821 0.5970000000  
0.8795288002 0.5980000000  
0.8793674892 0.5990000000  
0.8792063488 0.6000000000  
0.8790453787 0.6010000000  
0.8788845787 0.6020000000  
0.8787239484 0.6030000000  
0.8785634875 0.6040000000  
0.8784031958 0.6050000000  
0.8782430730 0.6060000000  
0.8780831187 0.6070000000  
0.8779233327 0.6080000000  
0.8777637147 0.6090000000  
0.8776042644 0.6100000000  
0.8774449815 0.6110000000  
0.8772858658 0.6120000000  
0.8771269168 0.6130000000  
0.8769681345 0.6140000000  
0.8758098197 0.6150000000  
0.8756521667 0.6160000000  
0.8754946787 0.6170000000  
0.8753373552 0.6180000000  
0.8751801961 0.6190000000  
0.8750232010 0.6200000000  
0.8748663696 0.6210000000  
0.8747097017 0.6220000000  
0.8745531969 0.6230000000  
0.8743968551 0.6240000000  
0.8742406759 0.6250000000  
0.8740846590 0.6260000000  
0.8739288042 0.6270000000  
0.8737731112 0.6280000000  
0.8736175796 0.6290000000  
0.8734622093 0.6300000000  
0.8733070000 0.6310000000  
0.8731519513 0.6320000000  
0.8729970631 0.6330000000  
0.8728423349 0.6340000000  
0.8726877667 0.6350000000  
0.8725333579 0.6360000000  
0.8723791086 0.6370000000  
0.8722250182 0.6380000000  
0.8720710866 0.6390000000  
0.8719173135 0.6400000000  
0.8717636987 0.6410000000  
0.8716102417 0.6420000000  
0.8714569425 0.6430000000  
0.8713038007 0.6440000000  
0.8711508161 0.6450000000  
0.8709979883 0.6460000000  
0.8708453172 0.6470000000  
0.8706928024 0.6480000000  
0.8705404437 0.6490000000  
0.8703882408 0.6500000000  
0.8702361935 0.6510000000  
0.8690845514 0.6520000000  
0.8689336598 0.6530000000  
0.8687829217 0.6540000000  
0.8686323371 0.6550000000  
0.8684819057 0.6560000000  
0.8683316271 0.6570000000  
0.8681815011 0.6580000000  
0.8680315275 0.6590000000  
0.8678817061 0.6600000000  
0.8677320365 0.6610000000  
0.8675825184 0.6620000000  
0.8674331517 0.6630000000  
0.8672839362 0.6640000000  
0.8671348714 0.6650000000  
0.8669859572 0.6660000000  
0.8668371933 0.6670000000  
0.8666885795 0.6680000000  
0.8665401156 0.6690000000  
0.8663918012 0.6700000000  
0.8662436361 0.6710000000  
0.8660956200 0.6720000000  
0.8659477528 0.6730000000  
0.8658000342 0.6740000000  
0.8656524638 0.6750000000  
0.8655050416 0.6760000000  
0.8653577671 0.6770000000  
0.8652106403 0.6780000000  
0.8650636607 0.6790000000  
0.8649168283 0.6800000000  
0.8647701426 0.6810000000  
0.8646236036 0.6820000000  
0.8644772109 0.6830000000  
0.8643309644 0.6840000000  
0.8631855912 0.6850000000  
0.8630405252 0.6860000000  
0.8628956031 0.6870000000  
0.8627508248 0.6880000000  
0.8626061901 0.6890000000  
0.8624616986 0.6900000000  
0.8623173502 0.6910000000  
0.8621731445 0.6920000000  
0.8620290815 0.6930000000  
0.8618851608 0.6940000000  
0.8617413822 0.6950000000  
0.8615977455 0.6960000000  
0.8614542504 0.6970000000  
0.8613108967 0.6980000000  
0.8611676841 0.6990000000  
0.8610246125 0.7000000000  
0.8608816816 0.7010000000  
0.8607388912 0.7020000000  
0.8605962410 0.7030000000  
0.8604537308 0.7040000000  
0.8603113605 0.7050000000  
0.8601691296 0.7060000000  
0.8600270381 0.7070000000  
0.8598850857 0.7080000000  
0.8597432721 0.7090000000  
0.8596015972 0.7100000000  
0.8594600607 0.7110000000  
0.8583188493 0.7120000000  
0.8581785189 0.7130000000  
0.8580383246 0.7140000000  
0.8578982662 0.7150000000  
0.8577583435 0.7160000000  
0.8576185562 0.7170000000  
0.8574789041 0.7180000000  
0.8573393871 0.7190000000  
0.8572000048 0.7200000000  
0.8570607571 0.7210000000  
0.8569216437 0.7220000000  
0.8567826645 0.7230000000  
0.8566438191 0.7240000000  
0.8565051075 0.7250000000  
0.8563665294 0.7260000000  
0.8562280845 0.7270000000  
0.8560897727 0.7280000000  
0.8559515937 0.7290000000  
0.8558135474 0.7300000000  
0.8556756335 0.7310000000  
0.8555378517 0.7320000000  
0.8554002020 0.7330000000  
0.8552626841 0.7340000000  
0.8541258988 0.7350000000  
0.8539896073 0.7360000000  
0.8538534451 0.7370000000  
0.8537174119 0.7380000000  
0.8535815076 0.7390000000  
0.8534457320 0.7400000000  
0.8533100849 0.7410000000  
0.8531745660 0.7420000000  
0.8530391752 0.7430000000  
0.8529039123 0.7440000000  
0.8527687770 0.7450000000  
0.8526337692 0.7460000000  
0.8524988886 0.7470000000  
0.8523641351 0.7480000000  
0.8522295085 0.7490000000  
0.8520950085 0.7500000000  
0.8519606350 0.7510000000  
0.8508265413 0.7520000000  
0.8506934118 0.7530000000  
0.8505604061 0.7540000000  
0.8504275241 0.7550000000  
0.8502947655 0.7560000000  
0.8501621301 0.7570000000  
0.8500296178 0.7580000000  
0.8498972284 0.7590000000  
0.8497649616 0.7600000000  
0.8496328174 0.7610000000  
0.8495007954 0.7620000000  
0.8493688956 0.7630000000  
0.8492371176 0.7640000000  
0.8481062568 0.7650000000  
0.8479757320 0.7660000000  
0.8478453263 0.7670000000  
0.8477150396 0.7680000000  
0.8475848718 0.7690000000  
0.8474548226 0.7700000000  
0.8473248919 0.7710000000  
0.8471950794 0.7720000000  
0.8470653851 0.7730000000  
0.8469358088 0.7740000000  
0.8468063502 0.7750000000  
0.8466770092 0.7760000000  
0.8465477856 0.7770000000  
0.8464186793 0.7780000000  
0.8462896900 0.7790000000  
0.8461608177 0.7800000000  
0.8460320620 0.7810000000  
0.8459034229 0.7820000000  
0.8457749002 0.7830000000  
0.8456464938 0.7840000000  
0.8455182033 0.7850000000  
0.8453900287 0.7860000000  
0.8452619698 0.7870000000  
0.8451340265 0.7880000000  
0.8450061985 0.7890000000  
0.8448784857 0.7900000000  
0.8447508879 0.7910000000  
0.8446234049 0.7920000000  
0.8444960366 0.7930000000  
0.8443687829 0.7940000000  
0.8442416435 0.7950000000  
0.8441146182 0.7960000000  
0.8439877070 0.7970000000  
0.8438609096 0.7980000000  
0.8437342259 0.7990000000  
0.8436076557 0.8000000000  
0.8434811988 0.8010000000  
0.8433548551 0.8020000000  
0.8432286245 0.8030000000  
0.8431025066 0.8040000000  
0.8429765015 0.8050000000  
0.8428506089 0.8060000000  
0.8427248286 0.8070000000  
0.8425991606 0.8080000000  
0.8424736045 0.8090000000  
0.8423481604 0.8100000000  
0.8422228279 0.8110000000  
0.8420976070 0.8120000000  
0.8419724974 0.8130000000  
0.8418474991 0.8140000000  
0.8417226118 0.8150000000  
0.8415978355 0.8160000000  
0.8414731698 0.8170000000  
0.8413486148 0.8180000000  
0.8412241702 0.8190000000  
0.8410998358 0.8200000000  
0.8409756115 0.8210000000  
0.8408514972 0.8220000000  
0.8407274926 0.8230000000  
0.8406035977 0.8240000000  
0.8404798122 0.8250000000  
0.8403561360 0.8260000000  
0.8402325690 0.8270000000  
0.8401091110 0.8280000000  
0.8399857619 0.8290000000  
0.8398625214 0.8300000000  
0.8397393894 0.8310000000  
0.8396163658 0.8320000000  
0.8394934504 0.8330000000  
0.8393706431 0.8340000000  
0.8392479437 0.8350000000  
0.8391253520 0.8360000000  
0.8390028679 0.8370000000  
0.8388804913 0.8380000000  
0.8387582220 0.8390000000  
0.8386360598 0.8400000000  
0.8385140046 0.8410000000  
0.8383920562 0.8420000000  
0.8382702145 0.8430000000  
0.8381484793 0.8440000000  
0.8380268505 0.8450000000  
0.8379053280 0.8460000000  
0.8377839115 0.8470000000  
0.8376626009 0.8480000000  
0.8375413961 0.8490000000  
0.8374202969 0.8500000000  
0.8372993032 0.8510000000  
0.8371784148 0.8520000000  
0.8370576316 0.8530000000  
0.8369369535 0.8540000000  
0.8368163802 0.8550000000  
0.8366959116 0.8560000000  
0.8365755476 0.8570000000  
0.8364552881 0.8580000000  
0.8363351328 0.8590000000  
0.8362150817 0.8600000000  
0.8360951346 0.8610000000  
0.8359752913 0.8620000000  
0.8358555517 0.8630000000  
0.8357359157 0.8640000000  
0.8356163831 0.8650000000  
0.8354969537 0.8660000000  
0.8353776275 0.8670000000  
0.8352584042 0.8680000000  
0.8351392838 0.8690000000  
0.8350202661 0.8700000000  
0.8349013509 0.8710000000  
0.8347825381 0.8720000000  
0.8346638275 0.8730000000  
0.8345452191 0.8740000000  
0.8344267126 0.8750000000  
0.8343083080 0.8760000000  
0.8341900051 0.8770000000  
0.8340718036 0.8780000000  
0.8339537036 0.8790000000  
0.8338357049 0.8800000000  
0.8337178073 0.8810000000  
0.8336000106 0.8820000000  
0.8334823148 0.8830000000  
0.8333647197 0.8840000000  
0.8332472252 0.8850000000  
0.8331298310 0.8860000000  
0.8330125372 0.8870000000  
0.8328953435 0.8880000000  
0.8327782497 0.8890000000  
0.8326612559 0.8900000000  
0.8325443618 0.8910000000  
0.8324275672 0.8920000000  
0.8323108721 0.8930000000  
0.8321942764 0.8940000000  
0.8320777798 0.8950000000  
0.8319613822 0.8960000000  
0.8318450835 0.8970000000  
0.8317288836 0.8980000000  
0.8316127823 0.8990000000  
0.8314967796 0.9000000000  
0.8313808751 0.9010000000  
0.8312650689 0.9020000000  
0.8311493608 0.9030000000  
0.8310337506 0.9040000000  
0.8309182383 0.9050000000  
0.8308028236 0.9060000000  
0.8306875065 0.9070000000  
0.8305722868 0.9080000000  
0.8304571643 0.9090000000  
0.8303421391 0.9100000000  
0.8302272108 0.9110000000  
0.8301123794 0.9120000000  
0.8299976448 0.9130000000  
0.8298830067 0.9140000000  
0.8297684652 0.9150000000  
0.8296540200 0.9160000000  
0.8295396711 0.9170000000  
0.8294254182 0.9180000000  
0.8293112613 0.9190000000  
0.8291972002 0.9200000000  
0.8290832348 0.9210000000  
0.8289693650 0.9220000000  
0.8288555907 0.9230000000  
0.8287419116 0.9240000000  
0.8286283277 0.9250000000  
0.8285148389 0.9260000000  
0.8284014449 0.9270000000  
0.8282881458 0.9280000000  
0.8281749414 0.9290000000  
0.8280618314 0.9300000000  
0.8279488159 0.9310000000  
0.8278358947 0.9320000000  
0.8277230676 0.9330000000  
0.8276103345 0.9340000000  
0.8274976954 0.9350000000  
0.8273851500 0.9360000000  
0.8272726982 0.9370000000  
0.8271603400 0.9380000000  
0.8270480752 0.9390000000  
0.8269359036 0.9400000000  
0.8268238252 0.9410000000  
0.8267118398 0.9420000000  
0.8265999472 0.9430000000  
0.8264881475 0.9440000000  
0.8263764403 0.9450000000  
0.8262648257 0.9460000000  
0.8261533035 0.9470000000  
0.8260418736 0.9480000000  
0.8259305358 0.9490000000  
0.8258192900 0.9500000000  
0.8257081361 0.9510000000  
0.8255970740 0.9520000000  
0.8254861036 0.9530000000  
0.8253752247 0.9540000000  
0.8252644372 0.9550000000  
0.8251537409 0.9560000000  
0.8250431359 0.9570000000  
0.8249326218 0.9580000000  
0.8248221987 0.9590000000  
0.8247118664 0.9600000000  
0.8246016248 0.9610000000  
0.8244914737 0.9620000000  
0.8243814131 0.9630000000  
0.8242714428 0.9640000000  
0.8241615626 0.9650000000  
0.8240517726 0.9660000000  
0.8239420725 0.9670000000  
0.8238324623 0.9680000000  
0.8237229417 0.9690000000  
0.8236135108 0.9700000000  
0.8235041694 0.9710000000  
0.8233949173 0.9720000000  
0.8232857544 0.9730000000  
0.8231766807 0.9740000000  
0.8230676960 0.9750000000  
0.8229588002 0.9760000000  
0.8228499931 0.9770000000  
0.8227412748 0.9780000000  
0.8226326449 0.9790000000  
0.8225241035 0.9800000000  
0.8224156504 0.9810000000  
0.8223072854 0.9820000000  
0.8221990086 0.9830000000  
0.8220908197 0.9840000000  
0.8219827186 0.9850000000  
0.8218747053 0.9860000000  
0.8217667796 0.9870000000  
0.8216589413 0.9880000000  
0.8215511905 0.9890000000  
0.8214435269 0.9900000000  
0.8213359505 0.9910000000  
0.8212284611 0.9920000000  
0.8211210587 0.9930000000  
0.8210137430 0.9940000000  
0.8209065141 0.9950000000  
0.8207993717 0.9960000000  
0.8206923158 0.9970000000  
0.8205853463 0.9980000000  
0.8204784630 0.9990000000  
0.8203716658 1.0000000000  
0.8202649547 1.0010000000  
0.8201583294 1.0020000000  
0.8200517900 1.0030000000  
0.8199453362 1.0040000000  
0.8198389680 1.0050000000  
0.8197326853 1.0060000000  
0.8196264880 1.0070000000  
0.8195203758 1.0080000000  
0.8194143488 1.0090000000  
0.8193084068 1.0100000000  
0.8192025498 1.0110000000  
0.8190967775 1.0120000000  
0.8189910899 1.0130000000  
0.8188854869 1.0140000000  
0.8187799684 1.0150000000  
0.8186745342 1.0160000000  
0.8185691842 1.0170000000  
0.8184639185 1.0180000000  
0.8183587367 1.0190000000  
0.8182536389 1.0200000000  
0.8181486249 1.0210000000  
0.8180436946 1.0220000000  
0.8179388478 1.0230000000  
0.8178340846 1.0240000000  
0.8177294048 1.0250000000  
0.8176248083 1.0260000000  
0.8175202949 1.0270000000  
0.8174158646 1.0280000000  
0.8173115172 1.0290000000  
0.8172072527 1.0300000000  
0.8171030709 1.0310000000  
0.8169989718 1.0320000000  
0.8168949552 1.0330000000  
0.8167910210 1.0340000000  
0.8166871692 1.0350000000  
0.8165833996 1.0360000000  
0.8164797120 1.0370000000  
0.8163761065 1.0380000000  
0.8162725829 1.0390000000  
0.8161691411 1.0400000000  
0.8160657809 1.0410000000  
0.8159625024 1.0420000000  
0.8158593053 1.0430000000  
0.8157561896 1.0440000000  
0.8156531552 1.0450000000  
0.8155502020 1.0460000000  
0.8154473298 1.0470000000  
0.8153445386 1.0480000000  
0.8152418283 1.0490000000  
0.8151391987 1.0500000000  
0.8150366498 1.0510000000  
0.8149341814 1.0520000000  
0.8148317935 1.0530000000  
0.8147294859 1.0540000000  
0.8146272586 1.0550000000  
0.8145251114 1.0560000000  
0.8144230442 1.0570000000  
0.8143210570 1.0580000000  
0.8142191497 1.0590000000  
0.8141173221 1.0600000000  
0.8140155741 1.0610000000  
0.8139139057 1.0620000000  
0.8138123167 1.0630000000  
0.8137108070 1.0640000000  
0.8136093766 1.0650000000  
0.8135080253 1.0660000000  
0.8134067531 1.0670000000  
0.8133055598 1.0680000000  
0.8132044453 1.0690000000  
0.8131034096 1.0700000000  
0.8130024526 1.0710000000  
0.8129015740 1.0720000000  
0.8128007739 1.0730000000  
0.8127000522 1.0740000000  
0.8125994087 1.0750000000  
0.8124988433 1.0760000000  
0.8123983560 1.0770000000  
0.8122979467 1.0780000000  
0.8121976152 1.0790000000  
0.8120973615 1.0800000000  
0.8119971854 1.0810000000  
0.8118970869 1.0820000000  
0.8117970659 1.0830000000  
0.8116971222 1.0840000000  
0.8115972558 1.0850000000  
0.8114974666 1.0860000000  
0.8113977544 1.0870000000  
0.8112981193 1.0880000000  
0.8111985610 1.0890000000  
0.8110990795 1.0900000000  
0.8109996747 1.0910000000  
0.8109003466 1.0920000000  
0.8108010949 1.0930000000  
0.8107019196 1.0940000000  
0.8106028207 1.0950000000  
0.8105037980 1.0960000000  
0.8104048513 1.0970000000  
0.8103059808 1.0980000000  
0.8102071861 1.0990000000  
0.8101084674 1.1000000000  
0.8100098243 1.1010000000  
0.8099112569 1.1020000000  
0.8098127651 1.1030000000  
0.8097143488 1.1040000000  
0.8096160078 1.1050000000  
0.8095177421 1.1060000000  
0.8094195516 1.1070000000  
0.8093214362 1.1080000000  
0.8092233957 1.1090000000  
0.8091254302 1.1100000000  
0.8090275396 1.1110000000  
0.8089297236 1.1120000000  
0.8088319823 1.1130000000  
0.8087343155 1.1140000000  
0.8086367232 1.1150000000  
0.8085392052 1.1160000000  
0.8084417615 1.1170000000  
0.8083443920 1.1180000000  
0.8082470965 1.1190000000  
0.8081498751 1.1200000000  
0.8080527275 1.1210000000  
0.8079556538 1.1220000000  
0.8078586538 1.1230000000  
0.8077617274 1.1240000000  
0.8076648746 1.1250000000  
0.8075680952 1.1260000000  
0.8074713891 1.1270000000  
0.8073747564 1.1280000000  
0.8072781968 1.1290000000  
0.8071817103 1.1300000000  
0.8070852968 1.1310000000  
0.8069889563 1.1320000000  
0.8068926885 1.1330000000  
0.8067964935 1.1340000000  
0.8067003712 1.1350000000  
0.8066043214 1.1360000000  
0.8065083441 1.1370000000  
0.8064124391 1.1380000000  
0.8063166065 1.1390000000  
0.8062208460 1.1400000000  
0.8061251577 1.1410000000  
0.8060295414 1.1420000000  
0.8059339971 1.1430000000  
0.8058385246 1.1440000000  
0.8057431238 1.1450000000  
0.8056477948 1.1460000000  
0.8055525373 1.1470000000  
0.8054573514 1.1480000000  
0.8053622369 1.1490000000  
0.8052671937 1.1500000000  
0.8051722218 1.1510000000  
0.8050773210 1.1520000000  
0.8049824913 1.1530000000  
0.8048877326 1.1540000000  
0.8047930448 1.1550000000  
0.8046984279 1.1560000000  
0.8046038816 1.1570000000  
0.8045094060 1.1580000000  
0.8044150010 1.1590000000  
0.8043206665 1.1600000000  
0.8042264023 1.1610000000  
0.8041322085 1.1620000000  
0.8040380848 1.1630000000  
0.8039440314 1.1640000000  
0.8038500479 1.1650000000  
0.8037561345 1.1660000000  
0.8036622909 1.1670000000  
0.8035685172 1.1680000000  
0.8034748131 1.1690000000  
0.8033811787 1.1700000000  
0.8032876139 1.1710000000  
0.8031941185 1.1720000000  
0.8031006925 1.1730000000  
0.8030073359 1.1740000000  
0.8029140484 1.1750000000  
0.8028208301 1.1760000000  
0.8027276808 1.1770000000  
0.8026346005 1.1780000000  
0.8025415891 1.1790000000  
0.8024486465 1.1800000000  
0.8023557726 1.1810000000  
0.8022629674 1.1820000000  
0.8021702307 1.1830000000  
0.8020775626 1.1840000000  
0.8019849628 1.1850000000  
0.8018924313 1.1860000000  
0.8017999681 1.1870000000  
0.8017075730 1.1880000000  
0.8016152460 1.1890000000  
0.8015229870 1.1900000000  
0.8014307959 1.1910000000  
0.8013386727 1.1920000000  
0.8012466172 1.1930000000  
0.8011546294 1.1940000000  
0.8010627091 1.1950000000  
0.8009708564 1.1960000000  
0.8008790711 1.1970000000  
0.8007873532 1.1980000000  
0.8006957025 1.1990000000  
0.8006041190 1.2000000000  
0.8005126027 1.2010000000  
0.8004211533 1.2020000000  
0.8003297710 1.2030000000  
0.8002384555 1.2040000000  
0.8001472068 1.2050000000  
0.8000560248 1.2060000000  
0.7999649094 1.2070000000  
0.7998738607 1.2080000000  
0.7997828784 1.2090000000  
0.7996919625 1.2100000000  
0.7996011129 1.2110000000  
0.7995103296 1.2120000000  
0.7994196124 1.2130000000  
0.7993289614 1.2140000000  
0.7992383764 1.2150000000  
0.7991478573 1.2160000000  
0.7990574040 1.2170000000  
0.7989670166 1.2180000000  
0.7988766948 1.2190000000  
0.7987864387 1.2200000000  
0.7986962482 1.2210000000  
0.7986061231 1.2220000000  
0.7985160634 1.2230000000  
0.7984260690 1.2240000000  
0.7983361399 1.2250000000  
0.7982462760 1.2260000000  
0.7981564771 1.2270000000  
0.7980667433 1.2280000000  
0.7979770744 1.2290000000  
0.7978874704 1.2300000000  
0.7977979311 1.2310000000  
0.7977084566 1.2320000000  
0.7976190467 1.2330000000  
0.7975297014 1.2340000000  
0.7974404206 1.2350000000  
0.7973512042 1.2360000000  
0.7972620521 1.2370000000  
0.7971729643 1.2380000000  
0.7970839407 1.2390000000  
0.7969949812 1.2400000000  
0.7969060858 1.2410000000  
0.7968172543 1.2420000000  
0.7967284867 1.2430000000  
0.7966397829 1.2440000000  
0.7965511429 1.2450000000  
0.7964625666 1.2460000000  
0.7963740538 1.2470000000  
0.7962856046 1.2480000000  
0.7961972188 1.2490000000  
0.7961088964 1.2500000000  
0.7960206373 1.2510000000  
0.7959324415 1.2520000000  
0.7958443088 1.2530000000  
0.7957562392 1.2540000000  
0.7956682326 1.2550000000  
0.7955802889 1.2560000000  
0.7954924081 1.2570000000  
0.7954045901 1.2580000000  
0.7953168348 1.2590000000  
0.7952291422 1.2600000000  
0.7951415122 1.2610000000  
0.7950539446 1.2620000000  
0.7949664395 1.2630000000  
0.7948789968 1.2640000000  
0.7947916164 1.2650000000  
0.7947042981 1.2660000000  
0.7946170421 1.2670000000  
0.7945298481 1.2680000000  
0.7944427161 1.2690000000  
0.7943556460 1.2700000000  
0.7942686379 1.2710000000  
0.7941816915 1.2720000000  
0.7940948068 1.2730000000  
0.7940079838 1.2740000000  
0.7939212224 1.2750000000  
0.7938345224 1.2760000000  
0.7937478840 1.2770000000  
0.7936613069 1.2780000000  
0.7935747911 1.2790000000  
0.7934883365 1.2800000000  
0.7934019431 1.2810000000  
0.7933156108 1.2820000000  
0.7932293395 1.2830000000  
0.7931431292 1.2840000000  
0.7930569797 1.2850000000  
0.7929708911 1.2860000000  
0.7928848632 1.2870000000  
0.7927988960 1.2880000000  
0.7927129894 1.2890000000  
0.7926271434 1.2900000000  
0.7925413578 1.2910000000  
0.7924556326 1.2920000000  
0.7923699677 1.2930000000  
0.7922843632 1.2940000000  
0.7921988188 1.2950000000  
0.7921133345 1.2960000000  
0.7920279103 1.2970000000  
0.7919425461 1.2980000000  
0.7918572419 1.2990000000  
0.7917719974 1.3000000000  
0.7916868128 1.3010000000  
0.7916016879 1.3020000000  
0.7915166227 1.3030000000  
0.7914316170 1.3040000000  
0.7913466709 1.3050000000  
0.7912617842 1.3060000000  
0.7911769569 1.3070000000  
0.7910921889 1.3080000000  
0.7910074802 1.3090000000  
0.7909228306 1.3100000000  
0.7908382402 1.3110000000  
0.7907537089 1.3120000000  
0.7906692365 1.3130000000  
0.7905848230 1.3140000000  
0.7905004684 1.3150000000  
0.7904161726 1.3160000000  
0.7903319355 1.3170000000  
0.7902477571 1.3180000000  
0.7901636373 1.3190000000  
0.7900795760 1.3200000000  
0.7899955731 1.3210000000  
0.7899116287 1.3220000000  
0.7898277425 1.3230000000  
0.7897439147 1.3240000000  
0.7896601450 1.3250000000  
0.7895764335 1.3260000000  
0.7894927800 1.3270000000  
0.7894091846 1.3280000000  
0.7893256471 1.3290000000  
0.7892421674 1.3300000000  
0.7891587456 1.3310000000  
0.7890753815 1.3320000000  
0.7889920751 1.3330000000  
0.7889088264 1.3340000000  
0.7888256351 1.3350000000  
0.7887425014 1.3360000000  
0.7886594251 1.3370000000  
0.7885764061 1.3380000000  
0.7884934445 1.3390000000  
0.7884105401 1.3400000000  
0.7883276928 1.3410000000  
0.7882449027 1.3420000000  
0.7881621696 1.3430000000  
0.7880794935 1.3440000000  
0.7879968743 1.3450000000  
0.7879143120 1.3460000000  
0.7878318064 1.3470000000  
0.7877493576 1.3480000000  
0.7876669655 1.3490000000  
0.7875846299 1.3500000000  
0.7875023509 1.3510000000  
0.7874201284 1.3520000000  
0.7873379623 1.3530000000  
0.7872558526 1.3540000000  
0.7871737991 1.3550000000  
0.7870918019 1.3560000000  
0.7870098608 1.3570000000  
0.7869279759 1.3580000000  
0.7868461470 1.3590000000  
0.7867643740 1.3600000000  
0.7866826570 1.3610000000  
0.7866009959 1.3620000000  
0.7865193905 1.3630000000  
0.7864378409 1.3640000000  
0.7863563470 1.3650000000  
0.7862749087 1.3660000000  
0.7861935259 1.3670000000  
0.7861121986 1.3680000000  
0.7860309268 1.3690000000  
0.7859497103 1.3700000000  
0.7858685492 1.3710000000  
0.7857874433 1.3720000000  
0.7857063925 1.3730000000  
0.7856253969 1.3740000000  
0.7855444564 1.3750000000  
0.7854635709 1.3760000000  
0.7853827404 1.3770000000  
0.7853019647 1.3780000000  
0.7852212438 1.3790000000  
0.7851405778 1.3800000000  
0.7850599664 1.3810000000  
0.7849794097 1.3820000000  
0.7848989075 1.3830000000  
0.7848184599 1.3840000000  
0.7847380668 1.3850000000  
0.7846577281 1.3860000000  
0.7845774437 1.3870000000  
0.7844972136 1.3880000000  
0.7844170378 1.3890000000  
0.7843369161 1.3900000000  
0.7842568486 1.3910000000  
0.7841768351 1.3920000000  
0.7840968756 1.3930000000  
0.7840169701 1.3940000000  
0.7839371184 1.3950000000  
0.7838573206 1.3960000000  
0.7837775765 1.3970000000  
0.7836978861 1.3980000000  
0.7836182494 1.3990000000  
0.7835386663 1.4000000000  
0.7834591367 1.4010000000  
0.7833796605 1.4020000000  
0.7833002378 1.4030000000  
0.7832208685 1.4040000000  
0.7831415524 1.4050000000  
0.7830622896 1.4060000000  
0.7829830800 1.4070000000  
0.7829039235 1.4080000000  
0.7828248201 1.4090000000  
0.7827457697 1.4100000000  
0.7826667723 1.4110000000  
0.7825878277 1.4120000000  
0.7825089360 1.4130000000  
0.7824300971 1.4140000000  
0.7823513109 1.4150000000  
0.7822725774 1.4160000000  
0.7821938965 1.4170000000  
0.7821152682 1.4180000000  
0.7820366924 1.4190000000  
0.7819581690 1.4200000000  
0.7818796980 1.4210000000  
0.7818012794 1.4220000000  
0.7817229130 1.4230000000  
0.7816445988 1.4240000000  
0.7815663369 1.4250000000  
0.7814881270 1.4260000000  
0.7814099692 1.4270000000  
0.7813318634 1.4280000000  
0.7812538095 1.4290000000  
0.7811758075 1.4300000000  
0.7810978574 1.4310000000  
0.7810199590 1.4320000000  
0.7809421123 1.4330000000  
0.7808643174 1.4340000000  
0.7807865740 1.4350000000  
0.7807088822 1.4360000000  
0.7806312419 1.4370000000  
0.7805536530 1.4380000000  
0.7804761155 1.4390000000  
0.7803986294 1.4400000000  
0.7803211946 1.4410000000  
0.7802438110 1.4420000000  
0.7801664785 1.4430000000  
0.7800891972 1.4440000000  
0.7800119669 1.4450000000  
0.7799347877 1.4460000000  
0.7798576594 1.4470000000  
0.7797805820 1.4480000000  
0.7797035555 1.4490000000  
0.7796265797 1.4500000000  
0.7795496547 1.4510000000  
0.7794727804 1.4520000000  
0.7793959567 1.4530000000  
0.7793191837 1.4540000000  
0.7792424611 1.4550000000  
0.7791657890 1.4560000000  
0.7790891673 1.4570000000  
0.7790125960 1.4580000000  
0.7789360750 1.4590000000  
0.7788596043 1.4600000000  
0.7787831838 1.4610000000  
0.7787068134 1.4620000000  
0.7786304931 1.4630000000  
0.7785542229 1.4640000000  
0.7784780027 1.4650000000  
0.7784018324 1.4660000000  
0.7783257120 1.4670000000  
0.7782496415 1.4680000000  
0.7781736207 1.4690000000  
0.7780976497 1.4700000000  
0.7780217283 1.4710000000  
0.7779458566 1.4720000000  
0.7778700345 1.4730000000  
0.7777942619 1.4740000000  
0.7777185387 1.4750000000  
0.7776428650 1.4760000000  
0.7775672407 1.4770000000  
0.7774916656 1.4780000000  
0.7774161399 1.4790000000  
0.7773406633 1.4800000000  
0.7772652359 1.4810000000  
0.7771898577 1.4820000000  
0.7771145284 1.4830000000  
0.7770392482 1.4840000000  
0.7769640170 1.4850000000  
0.7768888347 1.4860000000  
0.7768137012 1.4870000000  
0.7767386165 1.4880000000  
0.7766635806 1.4890000000  
0.7765885933 1.4900000000  
0.7765136548 1.4910000000  
0.7764387648 1.4920000000  
0.7763639234 1.4930000000  
0.7762891305 1.4940000000  
0.7762143860 1.4950000000  
0.7761396899 1.4960000000  
0.7760650422 1.4970000000  
0.7759904428 1.4980000000  
0.7759158916 1.4990000000  
0.7758413886 1.5000000000  
0.7757669338 1.5010000000  
0.7756925271 1.5020000000  
0.7756181684 1.5030000000  
0.7755438577 1.5040000000  
0.7754695950 1.5050000000  
0.7753953802 1.5060000000  
0.7753212132 1.5070000000  
0.7752470940 1.5080000000  
0.7751730226 1.5090000000  
0.7750989989 1.5100000000  
0.7750250228 1.5110000000  
0.7749510943 1.5120000000  
0.7748772134 1.5130000000  
0.7748033800 1.5140000000  
0.7747295940 1.5150000000  
0.7746558555 1.5160000000  
0.7745821643 1.5170000000  
0.7745085204 1.5180000000  
0.7744349238 1.5190000000  
0.7743613743 1.5200000000  
0.7742878721 1.5210000000  
0.7742144169 1.5220000000  
0.7741410089 1.5230000000  
0.7740676478 1.5240000000  
0.7739943337 1.5250000000  
0.7739210666 1.5260000000  
0.7738478463 1.5270000000  
0.7737746728 1.5280000000  
0.7737015461 1.5290000000  
0.7736284661 1.5300000000  
0.7735554329 1.5310000000  
0.7734824462 1.5320000000  
0.7734095061 1.5330000000  
0.7733366126 1.5340000000  
0.7732637656 1.5350000000  
0.7731909650 1.5360000000  
0.7731182107 1.5370000000  
0.7730455029 1.5380000000  
0.7729728413 1.5390000000  
0.7729002260 1.5400000000  
0.7728276569 1.5410000000  
0.7727551340 1.5420000000  
0.7726826571 1.5430000000  
0.7726102263 1.5440000000  
0.7725378416 1.5450000000  
0.7724655028 1.5460000000  
0.7723932099 1.5470000000  
0.7723209629 1.5480000000  
0.7722487618 1.5490000000  
0.7721766064 1.5500000000  
0.7721044967 1.5510000000  
0.7720324328 1.5520000000  
0.7719604145 1.5530000000  
0.7718884418 1.5540000000  
0.7718165146 1.5550000000  
0.7717446329 1.5560000000  
0.7716727967 1.5570000000  
0.7716010059 1.5580000000  
0.7715292605 1.5590000000  
0.7714575604 1.5600000000  
0.7713859055 1.5610000000  
0.7713142959 1.5620000000  
0.7712427315 1.5630000000  
0.7711712122 1.5640000000  
0.7710997380 1.5650000000  
0.7710283088 1.5660000000  
0.7709569247 1.5670000000  
0.7708855855 1.5680000000  
0.7708142912 1.5690000000  
0.7707430417 1.5700000000  
0.7706718371 1.5710000000  
0.7706006773 1.5720000000  
0.7705295622 1.5730000000  
0.7704584917 1.5740000000  
0.7703874659 1.5750000000  
0.7703164847 1.5760000000  
0.7702455480 1.5770000000  
0.7701746559 1.5780000000  
0.7701038082 1.5790000000  
0.7700330049 1.5800000000  
0.7699622459 1.5810000000  
0.7698915313 1.5820000000  
0.7698208610 1.5830000000  
0.7697502349 1.5840000000  
0.7696796530 1.5850000000  
0.7696091153 1.5860000000  
0.7695386216 1.5870000000  
0.7694681720 1.5880000000  
0.7693977664 1.5890000000  
0.7693274048 1.5900000000  
0.7692570871 1.5910000000  
0.7691868133 1.5920000000  
0.7691165833 1.5930000000  
0.7690463972 1.5940000000  
0.7689762547 1.5950000000  
0.7689061560 1.5960000000  
0.7688361009 1.5970000000  
0.7687660895 1.5980000000  
0.7686961216 1.5990000000  
0.7686261972 1.6000000000  
0.7685563164 1.6010000000  
0.7684864790 1.6020000000  
0.7684166849 1.6030000000  
0.7683469343 1.6040000000  
0.7682772269 1.6050000000  
0.7682075629 1.6060000000  
0.7681379420 1.6070000000  
0.7680683644 1.6080000000  
0.7679988298 1.6090000000  
0.7679293384 1.6100000000  
0.7678598900 1.6110000000  
0.7677904847 1.6120000000  
0.7677211223 1.6130000000  
0.7676518028 1.6140000000  
0.7675825263 1.6150000000  
0.7675132925 1.6160000000  
0.7674441016 1.6170000000  
0.7673749534 1.6180000000  
0.7673058480 1.6190000000  
0.7672367852 1.6200000000  
0.7671677650 1.6210000000  
0.7670987875 1.6220000000  
0.7670298525 1.6230000000  
0.7669609599 1.6240000000  
0.7668921099 1.6250000000  
0.7668233023 1.6260000000  
0.7667545370 1.6270000000  
0.7666858141 1.6280000000  
0.7666171334 1.6290000000  
0.7665484951 1.6300000000  
0.7664798989 1.6310000000  
0.7664113449 1.6320000000  
0.7663428330 1.6330000000  
0.7662743633 1.6340000000  
0.7662059355 1.6350000000  
0.7661375498 1.6360000000  
0.7660692060 1.6370000000  
0.7660009042 1.6380000000  
0.7659326442 1.6390000000  
0.7658644261 1.6400000000  
0.7657962497 1.6410000000  
0.7657281152 1.6420000000  
0.7656600223 1.6430000000  
0.7655919711 1.6440000000  
0.7655239615 1.6450000000  
0.7654559936 1.6460000000  
0.7653880672 1.6470000000  
0.7653201823 1.6480000000  
0.7652523388 1.6490000000  
0.7651845368 1.6500000000  
0.7651167762 1.6510000000  
0.7650490569 1.6520000000  
0.7649813790 1.6530000000  
0.7649137423 1.6540000000  
0.7648461468 1.6550000000  
0.7647785925 1.6560000000  
0.7647110794 1.6570000000  
0.7646436074 1.6580000000  
0.7645761764 1.6590000000  
0.7645087865 1.6600000000  
0.7644414375 1.6610000000  
0.7643741295 1.6620000000  
0.7643068624 1.6630000000  
0.7642396362 1.6640000000  
0.7641724508 1.6650000000  
0.7641053062 1.6660000000  
0.7640382023 1.6670000000  
0.7639711391 1.6680000000  
0.7639041166 1.6690000000  
0.7638371348 1.6700000000  
0.7637701935 1.6710000000  
0.7637032928 1.6720000000  
0.7636364325 1.6730000000  
0.7635696128 1.6740000000  
0.7635028335 1.6750000000  
0.7634360945 1.6760000000  
0.7633693960 1.6770000000  
0.7633027377 1.6780000000  
0.7632361197 1.6790000000  
0.7631695420 1.6800000000  
0.7631030044 1.6810000000  
0.7630365070 1.6820000000  
0.7629700497 1.6830000000  
0.7629036325 1.6840000000  
0.7628372554 1.6850000000  
0.7627709182 1.6860000000  
0.7627046210 1.6870000000  
0.7626383638 1.6880000000  
0.7625721464 1.6890000000  
0.7625059689 1.6900000000  
0.7624398311 1.6910000000  
0.7623737332 1.6920000000  
0.7623076750 1.6930000000  
0.7622416564 1.6940000000  
0.7621756776 1.6950000000  
0.7621097383 1.6960000000  
0.7620438387 1.6970000000  
0.7619779785 1.6980000000  
0.7619121579 1.6990000000  
0.7618463768 1.7000000000  
0.7617806350 1.7010000000  
0.7617149327 1.7020000000  
0.7616492697 1.7030000000  
0.7615836460 1.7040000000  
0.7615180616 1.7050000000  
0.7614525165 1.7060000000  
0.7613870105 1.7070000000  
0.7613215437 1.7080000000  
0.7612561161 1.7090000000  
0.7611907275 1.7100000000  
0.7611253780 1.7110000000  
0.7610600675 1.7120000000  
0.7609947959 1.7130000000  
0.7609295633 1.7140000000  
0.7608643697 1.7150000000  
0.7607992148 1.7160000000  
0.7607340988 1.7170000000  
0.7606690216 1.7180000000  
0.7606039832 1.7190000000  
0.7605389834 1.7200000000  
0.7604740224 1.7210000000  
0.7604091000 1.7220000000  
0.7603442162 1.7230000000  
0.7602793709 1.7240000000  
0.7602145642 1.7250000000  
0.7601497960 1.7260000000  
0.7600850662 1.7270000000  
0.7600203749 1.7280000000  
0.7599557220 1.7290000000  
0.7598911074 1.7300000000  
0.7598265311 1.7310000000  
0.7597619931 1.7320000000  
0.7596974933 1.7330000000  
0.7596330318 1.7340000000  
0.7595686084 1.7350000000  
0.7595042231 1.7360000000  
0.7594398759 1.7370000000  
0.7593755668 1.7380000000  
0.7593112957 1.7390000000  
0.7592470627 1.7400000000  
0.7591828675 1.7410000000  
0.7591187103 1.7420000000  
0.7590545909 1.7430000000  
0.7589905094 1.7440000000  
0.7589264657 1.7450000000  
0.7588624598 1.7460000000  
0.7587984916 1.7470000000  
0.7587345611 1.7480000000  
0.7586706683 1.7490000000  
0.7586068131 1.7500000000  
0.7585429954 1.7510000000  
0.7584792154 1.7520000000  
0.7584154729 1.7530000000  
0.7583517678 1.7540000000  
0.7582881002 1.7550000000  
0.7582244701 1.7560000000  
0.7581608773 1.7570000000  
0.7580973218 1.7580000000  
0.7580338037 1.7590000000  
0.7579703229 1.7600000000  
0.7579068792 1.7610000000  
0.7578434728 1.7620000000  
0.7577801036 1.7630000000  
0.7577167715 1.7640000000  
0.7576534765 1.7650000000  
0.7575902186 1.7660000000  
0.7575269977 1.7670000000  
0.7574638138 1.7680000000  
0.7574006668 1.7690000000  
0.7573375568 1.7700000000  
0.7572744837 1.7710000000  
0.7572114474 1.7720000000  
0.7571484480 1.7730000000  
0.7570854853 1.7740000000  
0.7570225594 1.7750000000  
0.7569596703 1.7760000000  
0.7568968178 1.7770000000  
0.7568340019 1.7780000000  
0.7567712227 1.7790000000  
0.7567084801 1.7800000000  
0.7566457740 1.7810000000  
0.7565831044 1.7820000000  
0.7565204713 1.7830000000  
0.7564578747 1.7840000000  
0.7563953144 1.7850000000  
0.7563327906 1.7860000000  
0.7562703031 1.7870000000  
0.7562078519 1.7880000000  
0.7561454370 1.7890000000  
0.7560830583 1.7900000000  
0.7560207158 1.7910000000  
0.7559584096 1.7920000000  
0.7558961394 1.7930000000  
0.7558339054 1.7940000000  
0.7557717074 1.7950000000  
0.7557095455 1.7960000000  
0.7556474196 1.7970000000  
0.7555853297 1.7980000000  
0.7555232757 1.7990000000  
0.7554612576 1.8000000000  
0.7553992754 1.8010000000  
0.7553373290 1.8020000000  
0.7552754185 1.8030000000  
0.7552135437 1.8040000000  
0.7551517046 1.8050000000  
0.7550899013 1.8060000000  
0.7550281337 1.8070000000  
0.7549664016 1.8080000000  
0.7549047052 1.8090000000  
0.7548430444 1.8100000000  
0.7547814191 1.8110000000  
0.7547198294 1.8120000000  
0.7546582751 1.8130000000  
0.7545967563 1.8140000000  
0.7545352728 1.8150000000  
0.7544738248 1.8160000000  
0.7544124121 1.8170000000  
0.7543510347 1.8180000000  
0.7542896926 1.8190000000  
0.7542283858 1.8200000000  
0.7541671141 1.8210000000  
0.7541058777 1.8220000000  
0.7540446764 1.8230000000  
0.7539835102 1.8240000000  
0.7539223792 1.8250000000  
0.7538612831 1.8260000000  
0.7538002221 1.8270000000  
0.7537391961 1.8280000000  
0.7536782051 1.8290000000  
0.7536172490 1.8300000000  
0.7535563277 1.8310000000  
0.7534954414 1.8320000000  
0.7534345899 1.8330000000  
0.7533737731 1.8340000000  
0.7533129912 1.8350000000  
0.7532522440 1.8360000000  
0.7531915314 1.8370000000  
0.7531308536 1.8380000000  
0.7530702104 1.8390000000  
0.7530096018 1.8400000000  
0.7529490278 1.8410000000  
0.7528884883 1.8420000000  
0.7528279834 1.8430000000  
0.7527675129 1.8440000000  
0.7527070769 1.8450000000  
0.7526466753 1.8460000000  
0.7525863081 1.8470000000  
0.7525259752 1.8480000000  
0.7524656767 1.8490000000  
0.7524054125 1.8500000000  
0.7523451825 1.8510000000  
0.7522849868 1.8520000000  
0.7522248252 1.8530000000  
0.7521646979 1.8540000000  
0.7521046046 1.8550000000  
0.7520445455 1.8560000000  
0.7519845205 1.8570000000  
0.7519245295 1.8580000000  
0.7518645725 1.8590000000  
0.7518046495 1.8600000000  
0.7517447605 1.8610000000  
0.7516849054 1.8620000000  
0.7516250841 1.8630000000  
0.7515652968 1.8640000000  
0.7515055432 1.8650000000  
0.7514458235 1.8660000000  
0.7513861375 1.8670000000  
0.7513264853 1.8680000000  
0.7512668668 1.8690000000  
0.7512072819 1.8700000000  
0.7511477307 1.8710000000  
0.7510882132 1.8720000000  
0.7510287292 1.8730000000  
0.7509692787 1.8740000000  
0.7509098618 1.8750000000  
0.7508504784 1.8760000000  
0.7507911285 1.8770000000  
0.7507318119 1.8780000000  
0.7506725288 1.8790000000  
0.7506132791 1.8800000000  
0.7505540627 1.8810000000  
0.7504948796 1.8820000000  
0.7504357298 1.8830000000  
0.7503766133 1.8840000000  
0.7503175300 1.8850000000  
0.7502584799 1.8860000000  
0.7501994629 1.8870000000  
0.7501404791 1.8880000000  
0.7500815284 1.8890000000  
0.7500226107 1.8900000000  
0.7499637261 1.8910000000  
0.7499048746 1.8920000000  
0.7498460560 1.8930000000  
0.7497872703 1.8940000000  
0.7497285176 1.8950000000  
0.7496697978 1.8960000000  
0.7496111109 1.8970000000  
0.7495524568 1.8980000000  
0.7494938355 1.8990000000  
0.7494352470 1.9000000000  
0.7493766912 1.9010000000  
0.7493181681 1.9020000000  
0.7492596778 1.9030000000  
0.7492012201 1.9040000000  
0.7491427950 1.9050000000  
0.7490844026 1.9060000000  
0.7490260427 1.9070000000  
0.7489677154 1.9080000000  
0.7489094206 1.9090000000  
0.7488511582 1.9100000000  
0.7487929284 1.9110000000  
0.7487347309 1.9120000000  
0.7486765659 1.9130000000  
0.7486184332 1.9140000000  
0.7485603329 1.9150000000  
0.7485022649 1.9160000000  
0.7484442292 1.9170000000  
0.7483862257 1.9180000000  
0.7483282545 1.9190000000  
0.7482703155 1.9200000000  
0.7482124086 1.9210000000  
0.7481545339 1.9220000000  
0.7480966913 1.9230000000  
0.7480388808 1.9240000000  
0.7479811023 1.9250000000  
0.7479233559 1.9260000000  
0.7478656414 1.9270000000  
0.7478079590 1.9280000000  
0.7477503084 1.9290000000  
0.7476926898 1.9300000000  
0.7476351031 1.9310000000  
0.7475775482 1.9320000000  
0.7475200252 1.9330000000  
0.7474625340 1.9340000000  
0.7474050745 1.9350000000  
0.7473476468 1.9360000000  
0.7472902508 1.9370000000  
0.7472328865 1.9380000000  
0.7471755539 1.9390000000  
0.7471182529 1.9400000000  
0.7470609835 1.9410000000  
0.7470037456 1.9420000000  
0.7469465394 1.9430000000  
0.7468893646 1.9440000000  
0.7468322214 1.9450000000  
0.7467751096 1.9460000000  
0.7467180292 1.9470000000  
0.7466609803 1.9480000000  
0.7466039627 1.9490000000  
0.7465469765 1.9500000000  
0.7464900216 1.9510000000  
0.7464330981 1.9520000000  
0.7463762058 1.9530000000  
0.7463193447 1.9540000000  
0.7462625149 1.9550000000  
0.7462057162 1.9560000000  
0.7461489487 1.9570000000  
0.7460922124 1.9580000000  
0.7460355071 1.9590000000  
0.7459788330 1.9600000000  
0.7459221899 1.9610000000  
0.7458655778 1.9620000000  
0.7458089967 1.9630000000  
0.7457524466 1.9640000000  
0.7456959275 1.9650000000  
0.7456394392 1.9660000000  
0.7455829819 1.9670000000  
0.7455265554 1.9680000000  
0.7454701597 1.9690000000  
0.7454137949 1.9700000000  
0.7453574608 1.9710000000  
0.7453011575 1.9720000000  
0.7452448850 1.9730000000  
0.7451886431 1.9740000000  
0.7451324319 1.9750000000  
0.7450762514 1.9760000000  
0.7450201014 1.9770000000  
0.7449639821 1.9780000000  
0.7449078933 1.9790000000  
0.7448518351 1.9800000000  
0.7447958074 1.9810000000  
0.7447398102 1.9820000000  
0.7446838435 1.9830000000  
0.7446279071 1.9840000000  
0.7445720012 1.9850000000  
0.7445161257 1.9860000000  
0.7444602806 1.9870000000  
0.7444044657 1.9880000000  
0.7443486812 1.9890000000  
0.7442929269 1.9900000000  
0.7442372029 1.9910000000  
0.7441815092 1.9920000000  
0.7441258456 1.9930000000  
0.7440702122 1.9940000000  
0.7440146089 1.9950000000  
0.7439590358 1.9960000000  
0.7439034927 1.9970000000  
0.7438479797 1.9980000000  
0.7437924968 1.9990000000  
0.7437370439 2.0000000000  
