0.5017693194 0.0010000000  
0.5011241469 0.0020000000  
0.5008039735 0.0030000000  
0.5006293464 0.0040000000  
0.5005247065 0.0050000000  
0.5004580911 0.0060000000  
0.5004140768 0.0070000000  
0.5007566504 0.0080000000  
0.5007199869 0.0090000000  
0.5006944824 0.0100000000  
0.5010066978 0.0110000000  
0.5009907701 0.0120000000  
0.5009796399 0.0130000000  
0.5009718752 0.0140000000  
0.5012854798 0.0150000000  
0.5012814339 0.0160000000  
0.5012786077 0.0170000000  
0.5012766289 0.0180000000  
0.5012752372 0.0190000000  
0.5012742509 0.0200000000  
0.5019092053 0.0210000000  
0.5022264996 0.0220000000  
0.5019084498 0.0230000000  
0.5019081733 0.0240000000  
0.5022257952 0.0250000000  
0.5022255898 0.0260000000  
0.5022253899 0.0270000000  
0.5022251923 0.0280000000  
0.5022249949 0.0290000000  
0.5022247964 0.0300000000  
0.5031779843 0.0310000000  
0.5031777056 0.0320000000  
0.5031774188 0.0330000000  
0.5031771245 0.0340000000  
0.5031768236 0.0350000000  
0.5031765162 0.0360000000  
0.5031762029 0.0370000000  
0.5031758838 0.0380000000  
0.5031755591 0.0390000000  
0.5031752290 0.0400000000  
0.5041274089 0.0410000000  
0.5041269661 0.0420000000  
0.5041265166 0.0430000000  
0.5038086555 0.0440000000  
0.5038082287 0.0450000000  
0.5038077961 0.0460000000  
0.5038073577 0.0470000000  
0.5038069136 0.0480000000  
0.5038064640 0.0490000000  
0.5038060088 0.0500000000  
0.5047569991 0.0510000000  
0.5047564167 0.0520000000  
0.5044387511 0.0530000000  
0.5044381952 0.0540000000  
0.5044376333 0.0550000000  
0.5044370654 0.0560000000  
0.5044364916 0.0570000000  
0.5044359121 0.0580000000  
0.5044353268 0.0590000000  
0.5050683199 0.0600000000  
0.5050676382 0.0610000000  
0.5050669501 0.0620000000  
0.5050662558 0.0630000000  
0.5050655554 0.0640000000  
0.5047482715 0.0650000000  
0.5047476035 0.0660000000  
0.5053799108 0.0670000000  
0.5053791411 0.0680000000  
0.5053783653 0.0690000000  
0.5053775834 0.0700000000  
0.5050604858 0.0710000000  
0.5050597386 0.0720000000  
0.5047427750 0.0730000000  
0.5047420642 0.0740000000  
0.5047413483 0.0750000000  
0.5053727676 0.0760000000  
0.5050559206 0.0770000000  
0.5050551411 0.0780000000  
0.5047384349 0.0790000000  
0.5041059639 0.0800000000  
0.5037895088 0.0810000000  
0.5031574012 0.0820000000  
0.5025255035 0.0830000000  
0.5015781765 0.0840000000  
