
0.8936708678 0.0110000000  
0.8936522859 0.0120000000  
0.8936266331 0.0130000000  
0.8945876793 0.0140000000  
0.8975160370 0.0150000000  
0.8974738111 0.0160000000  
0.8974290622 0.0170000000  
0.8973820294 0.0180000000  
0.8973328964 0.0190000000  
0.8972818064 0.0200000000  
0.8972288727 0.0210000000  
0.8971741873 0.0220000000  
0.8971178258 0.0230000000  
0.8970598523 0.0240000000  
0.8970003221 0.0250000000  
0.8969392837 0.0260000000  
0.8968767808 0.0270000000  
0.8968128529 0.0280000000  
0.8967475366 0.0290000000  
0.8966808661 0.0300000000  
0.8966128732 0.0310000000  
0.8965435883 0.0320000000  
0.8964730402 0.0330000000  
0.8964012565 0.0340000000  
0.8963282636 0.0350000000  
0.8962540869 0.0360000000  
0.8971787298 0.0370000000  
0.8971016507 0.0380000000  
0.8970234522 0.0390000000  
0.8969441566 0.0400000000  
0.8968637855 0.0410000000  
0.8967823600 0.0420000000  
0.8966999005 0.0430000000  
0.8966164267 0.0440000000  
0.8965319579 0.0450000000  
0.8964465128 0.0460000000  
0.8963601097 0.0470000000  
0.8962727663 0.0480000000  
0.8961844999 0.0490000000  
0.8960953274 0.0500000000  
0.8960052650 0.0510000000  
0.8969139213 0.0520000000  
0.8968214222 0.0530000000  
0.8967280760 0.0540000000  
0.8966338977 0.0550000000  
0.8965389019 0.0560000000  
0.8964431030 0.0570000000  
0.8963465150 0.0580000000  
0.8962491515 0.0590000000  
0.8961510259 0.0600000000  
0.8960521514 0.0610000000  
0.8959525407 0.0620000000  
0.8958522063 0.0630000000  
0.8957511605 0.0640000000  
0.8966489521 0.0650000000  
0.8965457510 0.0660000000  
0.8964418709 0.0670000000  
0.8963373232 0.0680000000  
0.8962321189 0.0690000000  
0.8961262691 0.0700000000  
0.8960197844 0.0710000000  
0.8959126754 0.0720000000  
0.8958049522 0.0730000000  
0.8956966250 0.0740000000  
0.8955877036 0.0750000000  
0.8954781979 0.0760000000  
0.8963677462 0.0770000000  
0.8962562853 0.0780000000  
0.8961442662 0.0790000000  
0.8960316978 0.0800000000  
0.8959185892 0.0810000000  
0.8958049491 0.0820000000  
0.8956907860 0.0830000000  
0.8955761084 0.0840000000  
0.8954609245 0.0850000000  
0.8953452426 0.0860000000  
0.8952290706 0.0870000000  
0.8951124163 0.0880000000  
0.8959945815 0.0890000000  
0.8958761346 0.0900000000  
0.8957572272 0.0910000000  
0.8956378666 0.0920000000  
0.8955180601 0.0930000000  
0.8953978148 0.0940000000  
0.8952771378 0.0950000000  
0.8951560361 0.0960000000  
0.8950345163 0.0970000000  
0.8949125852 0.0980000000  
0.8947902493 0.0990000000  
0.8956670285 0.1000000000  
0.8955430228 0.1010000000  
0.8954186309 0.1020000000  
0.8952938591 0.1030000000  
0.8951687134 0.1040000000  
0.8950431999 0.1050000000  
0.8949173244 0.1060000000  
0.8947910929 0.1070000000  
0.8946645110 0.1080000000  
0.8945375845 0.1090000000  
0.8944103188 0.1100000000  
0.8952822555 0.1110000000  
0.8951534250 0.1120000000  
0.8950242714 0.1130000000  
0.8948948001 0.1140000000  
0.8947650163 0.1150000000  
0.8946349250 0.1160000000  
0.8945045313 0.1170000000  
0.8943738402 0.1180000000  
0.8942428565 0.1190000000  
0.8941115851 0.1200000000  
0.8939800307 0.1210000000  
0.8948476135 0.1220000000  
0.8947145850 0.1230000000  
0.8945812877 0.1240000000  
0.8944477260 0.1250000000  
0.8943139044 0.1260000000  
0.8941798273 0.1270000000  
0.8940454990 0.1280000000  
0.8939109237 0.1290000000  
0.8937761057 0.1300000000  
0.8936410491 0.1310000000  
0.8935057579 0.1320000000  
0.8943694328 0.1330000000  
0.8942327467 0.1340000000  
0.8940958386 0.1350000000  
0.8939587123 0.1360000000  
0.8938213717 0.1370000000  
0.8936838204 0.1380000000  
0.8935460624 0.1390000000  
0.8934081011 0.1400000000  
0.8932699402 0.1410000000  
0.8931315834 0.1420000000  
0.8939929044 0.1430000000  
0.8938532146 0.1440000000  
0.8937133401 0.1450000000  
0.8935732842 0.1460000000  
0.8934330503 0.1470000000  
0.8932926418 0.1480000000  
0.8931520618 0.1490000000  
0.8930113137 0.1500000000  
0.8928704005 0.1510000000  
0.8927293254 0.1520000000  
0.8925880916 0.1530000000  
0.8934462801 0.1540000000  
0.8933037757 0.1550000000  
0.8931611226 0.1560000000  
0.8930183237 0.1570000000  
0.8928753820 0.1580000000  
0.8927323003 0.1590000000  
0.8925890815 0.1600000000  
0.8924457283 0.1610000000  
0.8923022436 0.1620000000  
0.8921586301 0.1630000000  
0.8920148904 0.1640000000  
0.8928703164 0.1650000000  
0.8927253615 0.1660000000  
0.8925802897 0.1670000000  
0.8924351033 0.1680000000  
0.8922898050 0.1690000000  
0.8921443973 0.1700000000  
0.8919988826 0.1710000000  
0.8918532634 0.1720000000  
0.8917075421 0.1730000000  
0.8915617210 0.1740000000  
0.8914158025 0.1750000000  
0.8922688197 0.1760000000  
0.8921217356 0.1770000000  
0.8919745624 0.1780000000  
0.8918273023 0.1790000000  
0.8916799575 0.1800000000  
0.8915325302 0.1810000000  
0.8913850225 0.1820000000  
0.8912374367 0.1830000000  
0.8910897747 0.1840000000  
0.8909420387 0.1850000000  
0.8917940434 0.1860000000  
0.8916451806 0.1870000000  
0.8914962514 0.1880000000  
0.8913472578 0.1890000000  
0.8911982016 0.1900000000  
0.8910490849 0.1910000000  
0.8908999096 0.1920000000  
0.8907506775 0.1930000000  
0.8906013905 0.1940000000  
0.8904520504 0.1950000000  
0.8903026591 0.1960000000  
0.8911529112 0.1970000000  
0.8910024334 0.1980000000  
0.8908519113 0.1990000000  
0.8907013467 0.2000000000  
0.8905507413 0.2010000000  
0.8904000967 0.2020000000  
0.8902494147 0.2030000000  
0.8900986968 0.2040000000  
0.8899479448 0.2050000000  
0.8897971601 0.2060000000  
0.8896463445 0.2070000000  
0.8904951713 0.2080000000  
0.8903433055 0.2090000000  
0.8901914151 0.2100000000  
0.8900395017 0.2110000000  
0.8898875667 0.2120000000  
0.8897356116 0.2130000000  
0.8895836379 0.2140000000  
0.8894316470 0.2150000000  
0.8892796404 0.2160000000  
0.8891276194 0.2170000000  
0.8889755856 0.2180000000  
0.8898233105 0.2190000000  
0.8896702591 0.2200000000  
0.8895172007 0.2210000000  
0.8893641366 0.2220000000  
0.8892110682 0.2230000000  
0.8890579966 0.2240000000  
0.8889049233 0.2250000000  
0.8887518494 0.2260000000  
0.8885987763 0.2270000000  
0.8884457051 0.2280000000  
0.8882926371 0.2290000000  
0.8881395734 0.2300000000  
0.8889855257 0.2310000000  
0.8888314784 0.2320000000  
0.8886774409 0.2330000000  
0.8885234144 0.2340000000  
0.8883694000 0.2350000000  
0.8882153988 0.2360000000  
0.8880614120 0.2370000000  
0.8879074406 0.2380000000  
0.8877534857 0.2390000000  
0.8875995484 0.2400000000  
0.8874456297 0.2410000000  
0.8882911361 0.2420000000  
0.8881362602 0.2430000000  
0.8879814080 0.2440000000  
0.8878265805 0.2450000000  
0.8876717787 0.2460000000  
0.8875170036 0.2470000000  
0.8873622562 0.2480000000  
0.8872075373 0.2490000000  
0.8870528480 0.2500000000  
0.8868981892 0.2510000000  
0.8867435619 0.2520000000  
0.8875889456 0.2530000000  
0.8874333849 0.2540000000  
0.8872778603 0.2550000000  
0.8871223727 0.2560000000  
0.8869669230 0.2570000000  
0.8868115120 0.2580000000  
0.8866561406 0.2590000000  
0.8865008096 0.2600000000  
0.8863455199 0.2610000000  
0.8861902723 0.2620000000  
0.8860350675 0.2630000000  
0.8858799064 0.2640000000  
0.8867245400 0.2650000000  
0.8865684706 0.2660000000  
0.8864124494 0.2670000000  
0.8862564769 0.2680000000  
0.8861005540 0.2690000000  
0.8859446814 0.2700000000  
0.8857888598 0.2710000000  
0.8856330900 0.2720000000  
0.8854773726 0.2730000000  
0.8853217084 0.2740000000  
0.8851660980 0.2750000000  
0.8850105422 0.2760000000  
0.8858547815 0.2770000000  
0.8856983401 0.2780000000  
0.8855419573 0.2790000000  
0.8853856338 0.2800000000  
0.8852293702 0.2810000000  
0.8850731672 0.2820000000  
0.8849170253 0.2830000000  
0.8847609453 0.2840000000  
0.8846049276 0.2850000000  
0.8844489730 0.2860000000  
0.8842930820 0.2870000000  
0.8841372551 0.2880000000  
0.8849814617 0.2890000000  
0.8848247696 0.2900000000  
0.8846681456 0.2910000000  
0.8845115901 0.2920000000  
0.8843551037 0.2930000000  
0.8841986870 0.2940000000  
0.8840423404 0.2950000000  
0.8838860646 0.2960000000  
0.8837298600 0.2970000000  
0.8835737272 0.2980000000  
0.8834176667 0.2990000000  
0.8832616789 0.3000000000  
0.8831057643 0.3010000000  
0.8839493882 0.3020000000  
0.8837926297 0.3030000000  
0.8836359481 0.3040000000  
0.8834793438 0.3050000000  
0.8833228172 0.3060000000  
0.8831663688 0.3070000000  
0.8830099991 0.3080000000  
0.8828537085 0.3090000000  
0.8826974974 0.3100000000  
0.8825413662 0.3110000000  
0.8823853154 0.3120000000  
0.8822293454 0.3130000000  
0.8820734566 0.3140000000  
0.8829168990 0.3150000000  
0.8827601854 0.3160000000  
0.8826035564 0.3170000000  
0.8824470123 0.3180000000  
0.8822905536 0.3190000000  
0.8821341805 0.3200000000  
0.8819778935 0.3210000000  
0.8818216930 0.3220000000  
0.8816655792 0.3230000000  
0.8815095526 0.3240000000  
0.8813536134 0.3250000000  
0.8811977622 0.3260000000  
0.8810419991 0.3270000000  
0.8818856719 0.3280000000  
0.8817291011 0.3290000000  
0.8815726216 0.3300000000  
0.8814162338 0.3310000000  
0.8812599379 0.3320000000  
0.8811037343 0.3330000000  
0.8809476232 0.3340000000  
0.8807916050 0.3350000000  
0.8806356800 0.3360000000  
0.8804798484 0.3370000000  
0.8803241106 0.3380000000  
0.8801684668 0.3390000000  
0.8800129173 0.3400000000  
0.8808572469 0.3410000000  
0.8807009048 0.3420000000  
0.8805446600 0.3430000000  
0.8803885127 0.3440000000  
0.8802324632 0.3450000000  
0.8800765117 0.3460000000  
0.8799206585 0.3470000000  
0.8797649037 0.3480000000  
0.8796092478 0.3490000000  
0.8794536908 0.3500000000  
0.8792982330 0.3510000000  
0.8791428747 0.3520000000  
0.8789876161 0.3530000000  
0.8788324573 0.3540000000  
0.8796770085 0.3550000000  
0.8795210730 0.3560000000  
0.8793652403 0.3570000000  
0.8792095104 0.3580000000  
0.8790538835 0.3590000000  
0.8788983600 0.3600000000  
0.8787429398 0.3610000000  
0.8785876234 0.3620000000  
0.8784324107 0.3630000000  
0.8782773021 0.3640000000  
0.8781222976 0.3650000000  
0.8779673975 0.3660000000  
0.8778126019 0.3670000000  
0.8776579111 0.3680000000  
0.8785031659 0.3690000000  
0.8783477123 0.3700000000  
0.8781923661 0.3710000000  
0.8780371274 0.3720000000  
0.8778819963 0.3730000000  
0.8777269730 0.3740000000  
0.8775720576 0.3750000000  
0.8774172502 0.3760000000  
0.8772625510 0.3770000000  
0.8771079602 0.3780000000  
0.8769534778 0.3790000000  
0.8767991040 0.3800000000  
0.8766448389 0.3810000000  
0.8764906827 0.3820000000  
0.8763366355 0.3830000000  
0.8771822399 0.3840000000  
0.8770274445 0.3850000000  
0.8768727606 0.3860000000  
0.8767181883 0.3870000000  
0.8765637275 0.3880000000  
0.8764093786 0.3890000000  
0.8762551414 0.3900000000  
0.8761010162 0.3910000000  
0.8759470031 0.3920000000  
0.8757931020 0.3930000000  
0.8756393132 0.3940000000  
0.8754856367 0.3950000000  
0.8753320726 0.3960000000  
0.8751786210 0.3970000000  
0.8750252819 0.3980000000  
0.8758717863 0.3990000000  
0.8757177118 0.4000000000  
0.8755637523 0.4010000000  
0.8754099076 0.4020000000  
0.8752561781 0.4030000000  
0.8751025636 0.4040000000  
0.8749490642 0.4050000000  
0.8747956801 0.4060000000  
0.8746424112 0.4070000000  
0.8744892576 0.4080000000  
0.8743362194 0.4090000000  
0.8741832966 0.4100000000  
0.8740304894 0.4110000000  
0.8738777976 0.4120000000  
0.8737252214 0.4130000000  
0.8735727608 0.4140000000  
0.8744199068 0.4150000000  
0.8742667239 0.4160000000  
0.8741136588 0.4170000000  
0.8739607116 0.4180000000  
0.8738078822 0.4190000000  
0.8736551707 0.4200000000  
0.8735025772 0.4210000000  
0.8733501016 0.4220000000  
0.8731977440 0.4230000000  
0.8730455044 0.4240000000  
0.8728933828 0.4250000000  
0.8727413792 0.4260000000  
0.8725894937 0.4270000000  
0.8724377263 0.4280000000  
0.8722860769 0.4290000000  
0.8721345457 0.4300000000  
0.8729829697 0.4310000000  
0.8728307273 0.4320000000  
0.8726786051 0.4330000000  
0.8725266031 0.4340000000  
0.8723747213 0.4350000000  
0.8722229596 0.4360000000  
0.8720713182 0.4370000000  
0.8719197969 0.4380000000  
0.8717683957 0.4390000000  
0.8716171147 0.4400000000  
0.8714659539 0.4410000000  
0.8713149132 0.4420000000  
0.8711639927 0.4430000000  
0.8710131922 0.4440000000  
0.8708625119 0.4450000000  
0.8707119517 0.4460000000  
0.8705615115 0.4470000000  
0.8714110721 0.4480000000  
0.8712599322 0.4490000000  
0.8711089143 0.4500000000  
0.8709580184 0.4510000000  
0.8708072446 0.4520000000  
0.8706565927 0.4530000000  
0.8705060627 0.4540000000  
0.8703556546 0.4550000000  
0.8702053684 0.4560000000  
0.8700552041 0.4570000000  
0.8699051615 0.4580000000  
0.8697552407 0.4590000000  
0.8696054417 0.4600000000  
0.8694557643 0.4610000000  
0.8693062086 0.4620000000  
0.8691567746 0.4630000000  
0.8690074621 0.4640000000  
0.8688582711 0.4650000000  
0.8697089051 0.4660000000  
0.8695590258 0.4670000000  
0.8694092698 0.4680000000  
0.8692596372 0.4690000000  
0.8691101279 0.4700000000  
0.8689607419 0.4710000000  
0.8688114790 0.4720000000  
0.8686623393 0.4730000000  
0.8685133227 0.4740000000  
0.8683644291 0.4750000000  
0.8682156585 0.4760000000  
0.8680670108 0.4770000000  
0.8679184859 0.4780000000  
0.8677700839 0.4790000000  
0.8676218046 0.4800000000  
0.8674736479 0.4810000000  
0.8673256139 0.4820000000  
0.8671777025 0.4830000000  
0.8670299135 0.4840000000  
0.8678816447 0.4850000000  
0.8677331785 0.4860000000  
0.8675848365 0.4870000000  
0.8674366187 0.4880000000  
0.8672885251 0.4890000000  
0.8671405554 0.4900000000  
0.8669927097 0.4910000000  
0.8668449880 0.4920000000  
0.8666973900 0.4930000000  
0.8665499158 0.4940000000  
0.8664025652 0.4950000000  
0.8662553383 0.4960000000  
0.8661082348 0.4970000000  
0.8659612548 0.4980000000  
0.8658143981 0.4990000000  
0.8656676647 0.5000000000  
0.8655210545 0.5010000000  
0.8653745674 0.5020000000  
0.8652282034 0.5030000000  
0.8660819410 0.5040000000  
0.8659349085 0.5050000000  
0.8657880007 0.5060000000  
0.8656412175 0.5070000000  
0.8654945589 0.5080000000  
0.8653480247 0.5090000000  
0.8652016149 0.5100000000  
0.8650553293 0.5110000000  
0.8649091678 0.5120000000  
0.8647631305 0.5130000000  
0.8646172171 0.5140000000  
0.8644714276 0.5150000000  
0.8643257619 0.5160000000  
0.8641802200 0.5170000000  
0.8640348016 0.5180000000  
0.8638895067 0.5190000000  
0.8637443352 0.5200000000  
0.8635992871 0.5210000000  
0.8634543622 0.5220000000  
0.8633095604 0.5230000000  
0.8631648817 0.5240000000  
0.8640200381 0.5250000000  
0.8638747006 0.5260000000  
0.8637294877 0.5270000000  
0.8635843993 0.5280000000  
0.8634394353 0.5290000000  
0.8632945956 0.5300000000  
0.8631498801 0.5310000000  
0.8630052887 0.5320000000  
0.8628608212 0.5330000000  
0.8627164777 0.5340000000  
0.8625722579 0.5350000000  
0.8624281617 0.5360000000  
0.8622841891 0.5370000000  
0.8621403400 0.5380000000  
0.8619966141 0.5390000000  
0.8618530116 0.5400000000  
0.8617095321 0.5410000000  
0.8615661756 0.5420000000  
0.8614229421 0.5430000000  
0.8612798313 0.5440000000  
0.8611368432 0.5450000000  
0.8609939777 0.5460000000  
0.8618508506 0.5470000000  
0.8617073344 0.5480000000  
0.8615639422 0.5490000000  
0.8614206739 0.5500000000  
0.8612775294 0.5510000000  
0.8611345087 0.5520000000  
0.8609916115 0.5530000000  
0.8608488379 0.5540000000  
0.8607061875 0.5550000000  
0.8605636604 0.5560000000  
0.8604212564 0.5570000000  
0.8602789754 0.5580000000  
0.8601368173 0.5590000000  
0.8599947820 0.5600000000  
0.8598528693 0.5610000000  
0.8597110791 0.5620000000  
0.8595694113 0.5630000000  
0.8594278658 0.5640000000  
0.8592864424 0.5650000000  
0.8591451411 0.5660000000  
0.8590039617 0.5670000000  
0.8588629042 0.5680000000  
0.8587219683 0.5690000000  
0.8595808974 0.5700000000  
0.8594393160 0.5710000000  
0.8592978578 0.5720000000  
0.8591565225 0.5730000000  
0.8590153099 0.5740000000  
0.8588742201 0.5750000000  
0.8587332529 0.5760000000  
0.8585924081 0.5770000000  
0.8584516856 0.5780000000  
0.8583110853 0.5790000000  
0.8581706070 0.5800000000  
0.8580302507 0.5810000000  
0.8578900161 0.5820000000  
0.8577499033 0.5830000000  
0.8576099120 0.5840000000  
0.8574700421 0.5850000000  
0.8573302935 0.5860000000  
0.8571906661 0.5870000000  
0.8570511597 0.5880000000  
0.8569117742 0.5890000000  
0.8567725095 0.5900000000  
0.8566333654 0.5910000000  
0.8564943419 0.5920000000  
0.8563554388 0.5930000000  
0.8562166559 0.5940000000  
0.8570771671 0.5950000000  
0.8569377415 0.5960000000  
0.8567984375 0.5970000000  
0.8566592549 0.5980000000  
0.8565201936 0.5990000000  
0.8563812535 0.6000000000  
0.8562424343 0.6010000000  
0.8561037361 0.6020000000  
0.8559651587 0.6030000000  
0.8558267018 0.6040000000  
0.8556883655 0.6050000000  
0.8555501495 0.6060000000  
0.8554120537 0.6070000000  
0.8552740781 0.6080000000  
0.8551362223 0.6090000000  
0.8549984865 0.6100000000  
0.8548608703 0.6110000000  
0.8547233736 0.6120000000  
0.8545859964 0.6130000000  
0.8544487384 0.6140000000  
0.8543115997 0.6150000000  
0.8541745799 0.6160000000  
0.8540376790 0.6170000000  
0.8539008969 0.6180000000  
0.8537642334 0.6190000000  
0.8546271708 0.6200000000  
0.8544898605 0.6210000000  
0.8543526701 0.6220000000  
0.8542155993 0.6230000000  
0.8540786481 0.6240000000  
0.8539418164 0.6250000000  
0.8538051039 0.6260000000  
0.8536685106 0.6270000000  
0.8535320363 0.6280000000  
0.8533956808 0.6290000000  
0.8532594441 0.6300000000  
0.8531233260 0.6310000000  
0.8529873264 0.6320000000  
0.8528514451 0.6330000000  
0.8527156819 0.6340000000  
0.8525800368 0.6350000000  
0.8524445096 0.6360000000  
0.8523091002 0.6370000000  
0.8521738085 0.6380000000  
0.8520386342 0.6390000000  
0.8519035772 0.6400000000  
0.8517686375 0.6410000000  
0.8516338149 0.6420000000  
0.8514991092 0.6430000000  
0.8513645204 0.6440000000  
0.8512300482 0.6450000000  
0.8520950510 0.6460000000  
0.8519599220 0.6470000000  
0.8518249108 0.6480000000  
0.8516900174 0.6490000000  
0.8515552415 0.6500000000  
0.8514205831 0.6510000000  
0.8512860419 0.6520000000  
0.8511516179 0.6530000000  
0.8510173110 0.6540000000  
0.8508831208 0.6550000000  
0.8507490475 0.6560000000  
0.8506150907 0.6570000000  
0.8504812503 0.6580000000  
0.8503475263 0.6590000000  
0.8502139184 0.6600000000  
0.8500804265 0.6610000000  
0.8499470506 0.6620000000  
0.8498137903 0.6630000000  
0.8496806457 0.6640000000  
0.8495476166 0.6650000000  
0.8494147028 0.6660000000  
0.8492819041 0.6670000000  
0.8491492206 0.6680000000  
0.8490166519 0.6690000000  
0.8488841980 0.6700000000  
0.8497517790 0.6710000000  
0.8496186505 0.6720000000  
0.8494856379 0.6730000000  
0.8493527411 0.6740000000  
0.8492199601 0.6750000000  
0.8490872945 0.6760000000  
0.8489547444 0.6770000000  
0.8488223095 0.6780000000  
0.8486899897 0.6790000000  
0.8485577849 0.6800000000  
0.8484256950 0.6810000000  
0.8482937197 0.6820000000  
0.8481618589 0.6830000000  
0.8480301126 0.6840000000  
0.8478984805 0.6850000000  
0.8477669626 0.6860000000  
0.8476355586 0.6870000000  
0.8475042685 0.6880000000  
0.8473730921 0.6890000000  
0.8472420293 0.6900000000  
0.8471110798 0.6910000000  
0.8469802437 0.6920000000  
0.8468495207 0.6930000000  
0.8467189107 0.6940000000  
0.8465884135 0.6950000000  
0.8474574541 0.6960000000  
0.8473262604 0.6970000000  
0.8471951809 0.6980000000  
0.8470642153 0.6990000000  
0.8469333636 0.7000000000  
0.8468026256 0.7010000000  
0.8466720011 0.7020000000  
0.8465414900 0.7030000000  
0.8464110921 0.7040000000  
0.8462808074 0.7050000000  
0.8461506357 0.7060000000  
0.8460205767 0.7070000000  
0.8458906305 0.7080000000  
0.8457607969 0.7090000000  
0.8456310756 0.7100000000  
0.8455014666 0.7110000000  
0.8453719697 0.7120000000  
0.8452425848 0.7130000000  
0.8451133118 0.7140000000  
0.8449841505 0.7150000000  
0.8448551007 0.7160000000  
0.8447261623 0.7170000000  
0.8455970626 0.7180000000  
0.8454674016 0.7190000000  
0.8453378534 0.7200000000  
0.8452084179 0.7210000000  
0.8450790948 0.7220000000  
0.8449498841 0.7230000000  
0.8448207857 0.7240000000  
0.8446917993 0.7250000000  
0.8445629248 0.7260000000  
0.8444341621 0.7270000000  
0.8443055110 0.7280000000  
0.8441769714 0.7290000000  
0.8440485432 0.7300000000  
0.8439202262 0.7310000000  
0.8437920203 0.7320000000  
0.8436639253 0.7330000000  
0.8435359410 0.7340000000  
0.8434080675 0.7350000000  
0.8432803044 0.7360000000  
0.8431526517 0.7370000000  
0.8440242016 0.7380000000  
0.8438958017 0.7390000000  
0.8437675136 0.7400000000  
0.8436393373 0.7410000000  
0.8435112725 0.7420000000  
0.8433833192 0.7430000000  
0.8432554771 0.7440000000  
0.8431277462 0.7450000000  
0.8430001262 0.7460000000  
0.8428726170 0.7470000000  
0.8427452186 0.7480000000  
0.8426179307 0.7490000000  
0.8424907532 0.7500000000  
0.8423636860 0.7510000000  
0.8422367288 0.7520000000  
0.8431096504 0.7530000000  
0.8429819224 0.7540000000  
0.8428543061 0.7550000000  
0.8427268014 0.7560000000  
0.8425994082 0.7570000000  
0.8424721262 0.7580000000  
0.8423449554 0.7590000000  
0.8422178956 0.7600000000  
0.8420909467 0.7610000000  
0.8419641085 0.7620000000  
0.8418373808 0.7630000000  
0.8417107636 0.7640000000  
0.8425835945 0.7650000000  
0.8424561900 0.7660000000  
0.8423288977 0.7670000000  
0.8422017174 0.7680000000  
0.8420746489 0.7690000000  
0.8419476922 0.7700000000  
0.8418208469 0.7710000000  
0.8426935710 0.7720000000  
0.8425659286 0.7730000000  
0.8424383996 0.7740000000  
0.8423109838 0.7750000000  
0.8421836810 0.7760000000  
0.8420564911 0.7770000000  
0.8419294138 0.7780000000  
0.8418024492 0.7790000000  
0.8416755969 0.7800000000  
0.8415488569 0.7810000000  
0.8414222289 0.7820000000  
0.8412957129 0.7830000000  
0.8411693086 0.7840000000  
0.8410430160 0.7850000000  
0.8409168348 0.7860000000  
0.8407907649 0.7870000000  
0.8406648062 0.7880000000  
0.8405389584 0.7890000000  
0.8404132215 0.7900000000  
0.8402875953 0.7910000000  
0.8401620796 0.7920000000  
0.8400366742 0.7930000000  
0.8399113791 0.7940000000  
0.8397861941 0.7950000000  
0.8396611189 0.7960000000  
0.8395361535 0.7970000000  
0.8394112978 0.7980000000  
0.8392865515 0.7990000000  
0.8391619144 0.8000000000  
0.8390373866 0.8010000000  
0.8389129677 0.8020000000  
0.8387886577 0.8030000000  
0.8386644564 0.8040000000  
0.8385403636 0.8050000000  
0.8384163793 0.8060000000  
0.8382925031 0.8070000000  
0.8381687351 0.8080000000  
0.8380450750 0.8090000000  
0.8379215228 0.8100000000  
0.8377980781 0.8110000000  
0.8376747410 0.8120000000  
0.8375515112 0.8130000000  
0.8374283887 0.8140000000  
0.8373053732 0.8150000000  
0.8371824646 0.8160000000  
0.8370596627 0.8170000000  
0.8369369675 0.8180000000  
0.8368143788 0.8190000000  
0.8366918963 0.8200000000  
0.8365695201 0.8210000000  
0.8364472499 0.8220000000  
0.8363250855 0.8230000000  
0.8362030269 0.8240000000  
0.8360810739 0.8250000000  
0.8359592264 0.8260000000  
0.8358374841 0.8270000000  
0.8357158470 0.8280000000  
0.8355943150 0.8290000000  
0.8354728878 0.8300000000  
0.8353515653 0.8310000000  
0.8352303474 0.8320000000  
0.8351092340 0.8330000000  
0.8349882248 0.8340000000  
0.8348673198 0.8350000000  
0.8347465189 0.8360000000  
0.8346258218 0.8370000000  
0.8345052284 0.8380000000  
0.8343847387 0.8390000000  
0.8342643523 0.8400000000  
0.8341440693 0.8410000000  
0.8340238895 0.8420000000  
0.8339038127 0.8430000000  
0.8337838387 0.8440000000  
0.8336639675 0.8450000000  
0.8335441990 0.8460000000  
0.8334245329 0.8470000000  
0.8333049691 0.8480000000  
0.8331855075 0.8490000000  
0.8330661480 0.8500000000  
0.8329468904 0.8510000000  
0.8328277345 0.8520000000  
0.8327086803 0.8530000000  
0.8325897276 0.8540000000  
0.8324708762 0.8550000000  
0.8323521261 0.8560000000  
0.8322334771 0.8570000000  
0.8321149290 0.8580000000  
0.8319964817 0.8590000000  
0.8318781352 0.8600000000  
0.8317598891 0.8610000000  
0.8316417435 0.8620000000  
0.8315236981 0.8630000000  
0.8314057529 0.8640000000  
0.8312879077 0.8650000000  
0.8311701623 0.8660000000  
0.8310525167 0.8670000000  
0.8309349707 0.8680000000  
0.8308175241 0.8690000000  
0.8307001769 0.8700000000  
0.8305829289 0.8710000000  
0.8304657799 0.8720000000  
0.8303487299 0.8730000000  
0.8302317787 0.8740000000  
0.8301149261 0.8750000000  
0.8299981721 0.8760000000  
0.8298815165 0.8770000000  
0.8297649591 0.8780000000  
0.8296484999 0.8790000000  
0.8295321387 0.8800000000  
0.8294158754 0.8810000000  
0.8292997098 0.8820000000  
0.8291836418 0.8830000000  
0.8290676713 0.8840000000  
0.8289517982 0.8850000000  
0.8288360223 0.8860000000  
0.8287203435 0.8870000000  
0.8286047617 0.8880000000  
0.8284892767 0.8890000000  
0.8283738884 0.8900000000  
0.8282585967 0.8910000000  
0.8281434014 0.8920000000  
0.8280283025 0.8930000000  
0.8279132997 0.8940000000  
0.8277983931 0.8950000000  
0.8276835823 0.8960000000  
0.8275688674 0.8970000000  
0.8274542482 0.8980000000  
0.8273397245 0.8990000000  
0.8272252962 0.9000000000  
0.8271109633 0.9010000000  
0.8269967255 0.9020000000  
0.8268825828 0.9030000000  
0.8267685350 0.9040000000  
0.8266545820 0.9050000000  
0.8265407237 0.9060000000  
0.8264269600 0.9070000000  
0.8263132906 0.9080000000  
0.8261997156 0.9090000000  
0.8260862348 0.9100000000  
0.8259728480 0.9110000000  
0.8258595551 0.9120000000  
0.8257463560 0.9130000000  
0.8256332506 0.9140000000  
0.8255202388 0.9150000000  
0.8254073204 0.9160000000  
0.8252944954 0.9170000000  
0.8251817635 0.9180000000  
0.8250691247 0.9190000000  
0.8249565788 0.9200000000  
0.8248441257 0.9210000000  
0.8247317654 0.9220000000  
0.8246194976 0.9230000000  
0.8245073223 0.9240000000  
0.8243952393 0.9250000000  
0.8242832486 0.9260000000  
0.8241713499 0.9270000000  
0.8240595432 0.9280000000  
0.8239478284 0.9290000000  
0.8238362053 0.9300000000  
0.8237246739 0.9310000000  
0.8236132339 0.9320000000  
0.8235018853 0.9330000000  
0.8233906279 0.9340000000  
0.8232794617 0.9350000000  
0.8231683865 0.9360000000  
0.8230574022 0.9370000000  
0.8229465087 0.9380000000  
0.8228357059 0.9390000000  
0.8227249936 0.9400000000  
0.8226143717 0.9410000000  
0.8225038401 0.9420000000  
0.8223933988 0.9430000000  
0.8222830475 0.9440000000  
0.8221727861 0.9450000000  
0.8220626147 0.9460000000  
0.8219525329 0.9470000000  
0.8218425407 0.9480000000  
0.8217326381 0.9490000000  
0.8216228248 0.9500000000  
0.8215131008 0.9510000000  
0.8214034659 0.9520000000  
0.8212939201 0.9530000000  
0.8211844631 0.9540000000  
0.8210750950 0.9550000000  
0.8209658156 0.9560000000  
0.8208566247 0.9570000000  
0.8207475223 0.9580000000  
0.8206385082 0.9590000000  
0.8205295824 0.9600000000  
0.8204207447 0.9610000000  
0.8203119949 0.9620000000  
0.8202033331 0.9630000000  
0.8200947591 0.9640000000  
0.8199862727 0.9650000000  
0.8198778738 0.9660000000  
0.8197695624 0.9670000000  
0.8196613384 0.9680000000  
0.8195532015 0.9690000000  
0.8194451517 0.9700000000  
0.8193371890 0.9710000000  
0.8192293131 0.9720000000  
0.8191215240 0.9730000000  
0.8190138215 0.9740000000  
0.8189062056 0.9750000000  
0.8187986761 0.9760000000  
0.8186912329 0.9770000000  
0.8185838759 0.9780000000  
0.8184766051 0.9790000000  
0.8183694202 0.9800000000  
0.8182623213 0.9810000000  
0.8181553081 0.9820000000  
0.8180483805 0.9830000000  
0.8179415385 0.9840000000  
0.8178347820 0.9850000000  
0.8177281108 0.9860000000  
0.8176215248 0.9870000000  
0.8175150240 0.9880000000  
0.8174086082 0.9890000000  
0.8173022772 0.9900000000  
0.8171960311 0.9910000000  
0.8170898696 0.9920000000  
0.8169837928 0.9930000000  
0.8168778004 0.9940000000  
0.8167718923 0.9950000000  
0.8166660685 0.9960000000  
0.8165603289 0.9970000000  
0.8164546733 0.9980000000  
0.8163491017 0.9990000000  
0.8162436139 1.0000000000  
0.8161382098 1.0010000000  
0.8160328894 1.0020000000  
0.8159276524 1.0030000000  
0.8158224989 1.0040000000  
0.8157174287 1.0050000000  
0.8156124416 1.0060000000  
0.8155075377 1.0070000000  
0.8154027167 1.0080000000  
0.8152979787 1.0090000000  
0.8151933234 1.0100000000  
0.8150887508 1.0110000000  
0.8149842608 1.0120000000  
0.8148798532 1.0130000000  
0.8147755280 1.0140000000  
0.8146712850 1.0150000000  
0.8145671242 1.0160000000  
0.8144630455 1.0170000000  
0.8143590487 1.0180000000  
0.8142551338 1.0190000000  
0.8141513006 1.0200000000  
0.8140475491 1.0210000000  
0.8139438791 1.0220000000  
0.8138402905 1.0230000000  
0.8137367833 1.0240000000  
0.8136333573 1.0250000000  
0.8135300124 1.0260000000  
0.8134267486 1.0270000000  
0.8133235657 1.0280000000  
0.8132204636 1.0290000000  
0.8131174423 1.0300000000  
0.8130145015 1.0310000000  
0.8129116413 1.0320000000  
0.8128088616 1.0330000000  
0.8127061621 1.0340000000  
0.8126035429 1.0350000000  
0.8125010038 1.0360000000  
0.8123985448 1.0370000000  
0.8122961657 1.0380000000  
0.8121938663 1.0390000000  
0.8120916468 1.0400000000  
0.8119895068 1.0410000000  
0.8118874464 1.0420000000  
0.8117854654 1.0430000000  
0.8116835638 1.0440000000  
0.8115817413 1.0450000000  
0.8114799981 1.0460000000  
0.8113783338 1.0470000000  
0.8112767485 1.0480000000  
0.8111752421 1.0490000000  
0.8110738143 1.0500000000  
0.8109724653 1.0510000000  
0.8108711947 1.0520000000  
0.8107700027 1.0530000000  
0.8106688890 1.0540000000  
0.8105678535 1.0550000000  
0.8104668962 1.0560000000  
0.8103660170 1.0570000000  
0.8102652158 1.0580000000  
0.8101644924 1.0590000000  
0.8100638468 1.0600000000  
0.8099632789 1.0610000000  
0.8098627885 1.0620000000  
0.8097623757 1.0630000000  
0.8096620403 1.0640000000  
0.8095617821 1.0650000000  
0.8094616012 1.0660000000  
0.8093614974 1.0670000000  
0.8092614706 1.0680000000  
0.8091615207 1.0690000000  
0.8090616476 1.0700000000  
0.8089618513 1.0710000000  
0.8088621316 1.0720000000  
0.8087624885 1.0730000000  
0.8086629218 1.0740000000  
0.8085634314 1.0750000000  
0.8084640174 1.0760000000  
0.8083646795 1.0770000000  
0.8082654177 1.0780000000  
0.8081662318 1.0790000000  
0.8080671219 1.0800000000  
0.8079680877 1.0810000000  
0.8078691293 1.0820000000  
0.8077702465 1.0830000000  
0.8076714392 1.0840000000  
0.8075727073 1.0850000000  
0.8074740508 1.0860000000  
0.8073754695 1.0870000000  
0.8072769634 1.0880000000  
0.8071785324 1.0890000000  
0.8070801763 1.0900000000  
0.8069818951 1.0910000000  
0.8068836887 1.0920000000  
0.8067855570 1.0930000000  
0.8066874999 1.0940000000  
0.8065895173 1.0950000000  
0.8064916091 1.0960000000  
0.8063937753 1.0970000000  
0.8062960158 1.0980000000  
0.8061983304 1.0990000000  
0.8061007190 1.1000000000  
0.8060031817 1.1010000000  
0.8059057182 1.1020000000  
0.8058083285 1.1030000000  
0.8057110126 1.1040000000  
0.8056137702 1.1050000000  
0.8055166014 1.1060000000  
0.8054195061 1.1070000000  
0.8053224841 1.1080000000  
0.8052255353 1.1090000000  
0.8051286598 1.1100000000  
0.8050318573 1.1110000000  
0.8049351279 1.1120000000  
0.8048384713 1.1130000000  
0.8047418876 1.1140000000  
0.8046453766 1.1150000000  
0.8045489383 1.1160000000  
0.8044525726 1.1170000000  
0.8043562793 1.1180000000  
0.8042600584 1.1190000000  
0.8041639098 1.1200000000  
0.8040678334 1.1210000000  
0.8039718292 1.1220000000  
0.8038758970 1.1230000000  
0.8037800368 1.1240000000  
0.8036842484 1.1250000000  
0.8035885319 1.1260000000  
0.8034928870 1.1270000000  
0.8033973137 1.1280000000  
0.8033018120 1.1290000000  
0.8032063817 1.1300000000  
0.8031110228 1.1310000000  
0.8030157351 1.1320000000  
0.8029205187 1.1330000000  
0.8028253733 1.1340000000  
0.8027302990 1.1350000000  
0.8026352956 1.1360000000  
0.8025403630 1.1370000000  
0.8024455012 1.1380000000  
0.8023507101 1.1390000000  
0.8022559896 1.1400000000  
0.8021613396 1.1410000000  
0.8020667600 1.1420000000  
0.8019722508 1.1430000000  
0.8018778118 1.1440000000  
0.8017834430 1.1450000000  
0.8016891443 1.1460000000  
0.8015949156 1.1470000000  
0.8015007569 1.1480000000  
0.8014066680 1.1490000000  
0.8013126489 1.1500000000  
0.8012186994 1.1510000000  
0.8011248195 1.1520000000  
0.8010310092 1.1530000000  
0.8009372683 1.1540000000  
0.8008435967 1.1550000000  
0.8007499944 1.1560000000  
0.8006564613 1.1570000000  
0.8005629974 1.1580000000  
0.8004696024 1.1590000000  
0.8003762764 1.1600000000  
0.8002830192 1.1610000000  
0.8001898308 1.1620000000  
0.8000967112 1.1630000000  
0.8000036601 1.1640000000  
0.7999106776 1.1650000000  
0.7998177635 1.1660000000  
0.7997249178 1.1670000000  
0.7996321405 1.1680000000  
0.7995394313 1.1690000000  
0.7994467903 1.1700000000  
0.7993542173 1.1710000000  
0.7992617123 1.1720000000  
0.7991692752 1.1730000000  
0.7990769059 1.1740000000  
0.7989846044 1.1750000000  
0.7988923705 1.1760000000  
0.7988002042 1.1770000000  
0.7987081054 1.1780000000  
0.7986160741 1.1790000000  
0.7985241100 1.1800000000  
0.7984322133 1.1810000000  
0.7983403837 1.1820000000  
0.7982486212 1.1830000000  
0.7981569258 1.1840000000  
0.7980652973 1.1850000000  
0.7979737357 1.1860000000  
0.7978822409 1.1870000000  
0.7977908128 1.1880000000  
0.7976994513 1.1890000000  
0.7976081564 1.1900000000  
0.7975169280 1.1910000000  
0.7974257660 1.1920000000  
0.7973346703 1.1930000000  
0.7972436409 1.1940000000  
0.7971526777 1.1950000000  
0.7970617805 1.1960000000  
0.7969709494 1.1970000000  
0.7968801842 1.1980000000  
0.7967894849 1.1990000000  
0.7966988514 1.2000000000  
0.7966082836 1.2010000000  
0.7965177815 1.2020000000  
0.7964273449 1.2030000000  
0.7963369738 1.2040000000  
0.7962466681 1.2050000000  
0.7961564277 1.2060000000  
0.7960662527 1.2070000000  
0.7959761428 1.2080000000  
0.7958860980 1.2090000000  
0.7957961182 1.2100000000  
0.7957062035 1.2110000000  
0.7956163536 1.2120000000  
0.7955265685 1.2130000000  
0.7954368481 1.2140000000  
0.7953471925 1.2150000000  
0.7952576014 1.2160000000  
0.7951680748 1.2170000000  
0.7950786127 1.2180000000  
0.7949892149 1.2190000000  
0.7948998814 1.2200000000  
0.7948106121 1.2210000000  
0.7947214070 1.2220000000  
0.7946322660 1.2230000000  
0.7945431889 1.2240000000  
0.7944541758 1.2250000000  
0.7943652265 1.2260000000  
0.7942763410 1.2270000000  
0.7941875192 1.2280000000  
0.7940987611 1.2290000000  
0.7940100665 1.2300000000  
0.7939214354 1.2310000000  
0.7938328677 1.2320000000  
0.7937443633 1.2330000000  
0.7936559222 1.2340000000  
0.7935675443 1.2350000000  
0.7934792296 1.2360000000  
0.7933909779 1.2370000000  
0.7933027891 1.2380000000  
0.7932146633 1.2390000000  
0.7931266003 1.2400000000  
0.7930386001 1.2410000000  
0.7929506626 1.2420000000  
0.7928627877 1.2430000000  
0.7927749753 1.2440000000  
0.7926872254 1.2450000000  
0.7925995380 1.2460000000  
0.7925119128 1.2470000000  
0.7924243500 1.2480000000  
0.7923368493 1.2490000000  
0.7922494108 1.2500000000  
0.7921620343 1.2510000000  
0.7920747198 1.2520000000  
0.7919874673 1.2530000000  
0.7919002765 1.2540000000  
0.7918131476 1.2550000000  
0.7917260803 1.2560000000  
0.7916390747 1.2570000000  
0.7915521307 1.2580000000  
0.7914652481 1.2590000000  
0.7913784270 1.2600000000  
0.7912916672 1.2610000000  
0.7912049688 1.2620000000  
0.7911183315 1.2630000000  
0.7910317554 1.2640000000  
0.7909452404 1.2650000000  
0.7908587864 1.2660000000  
0.7907723933 1.2670000000  
0.7906860611 1.2680000000  
0.7905997897 1.2690000000  
0.7905135791 1.2700000000  
0.7904274291 1.2710000000  
0.7903413397 1.2720000000  
0.7902553109 1.2730000000  
0.7901693425 1.2740000000  
0.7900834345 1.2750000000  
0.7899975869 1.2760000000  
0.7899117995 1.2770000000  
0.7898260723 1.2780000000  
0.7897404052 1.2790000000  
0.7896547982 1.2800000000  
0.7895692512 1.2810000000  
0.7894837641 1.2820000000  
0.7893983369 1.2830000000  
0.7893129694 1.2840000000  
0.7892276617 1.2850000000  
0.7891424137 1.2860000000  
0.7890572252 1.2870000000  
0.7889720963 1.2880000000  
0.7888870268 1.2890000000  
0.7888020167 1.2900000000  
0.7887170659 1.2910000000  
0.7886321744 1.2920000000  
0.7885473421 1.2930000000  
0.7884625689 1.2940000000  
0.7883778548 1.2950000000  
0.7882931997 1.2960000000  
0.7882086035 1.2970000000  
0.7881240662 1.2980000000  
0.7880395876 1.2990000000  
0.7879551678 1.3000000000  
0.7878708067 1.3010000000  
0.7877865042 1.3020000000  
0.7877022602 1.3030000000  
0.7876180747 1.3040000000  
0.7875339476 1.3050000000  
0.7874498788 1.3060000000  
0.7873658683 1.3070000000  
0.7872819161 1.3080000000  
0.7871980220 1.3090000000  
0.7871141859 1.3100000000  
0.7870304079 1.3110000000  
0.7869466879 1.3120000000  
0.7868630257 1.3130000000  
0.7867794214 1.3140000000  
0.7866958748 1.3150000000  
0.7866123860 1.3160000000  
0.7865289548 1.3170000000  
0.7864455811 1.3180000000  
0.7863622650 1.3190000000  
0.7862790063 1.3200000000  
0.7861958050 1.3210000000  
0.7861126610 1.3220000000  
0.7860295743 1.3230000000  
0.7859465448 1.3240000000  
0.7858635724 1.3250000000  
0.7857806571 1.3260000000  
0.7856977988 1.3270000000  
0.7856149974 1.3280000000  
0.7855322529 1.3290000000  
0.7854495652 1.3300000000  
0.7853669343 1.3310000000  
0.7852843601 1.3320000000  
0.7852018425 1.3330000000  
0.7851193815 1.3340000000  
0.7850369770 1.3350000000  
0.7849546290 1.3360000000  
0.7848723373 1.3370000000  
0.7847901019 1.3380000000  
0.7847079228 1.3390000000  
0.7846258000 1.3400000000  
0.7845437332 1.3410000000  
0.7844617225 1.3420000000  
0.7843797679 1.3430000000  
0.7842978692 1.3440000000  
0.7842160264 1.3450000000  
0.7841342394 1.3460000000  
0.7840525082 1.3470000000  
0.7839708327 1.3480000000  
0.7838892129 1.3490000000  
0.7838076487 1.3500000000  
0.7837261400 1.3510000000  
0.7836446867 1.3520000000  
0.7835632889 1.3530000000  
0.7834819464 1.3540000000  
0.7834006592 1.3550000000  
0.7833194272 1.3560000000  
0.7832382504 1.3570000000  
0.7831571287 1.3580000000  
0.7830760621 1.3590000000  
0.7829950505 1.3600000000  
0.7829140937 1.3610000000  
0.7828331919 1.3620000000  
0.7827523448 1.3630000000  
0.7826715526 1.3640000000  
0.7825908150 1.3650000000  
0.7825101320 1.3660000000  
0.7824295036 1.3670000000  
0.7823489298 1.3680000000  
0.7822684103 1.3690000000  
0.7821879453 1.3700000000  
0.7821075346 1.3710000000  
0.7820271782 1.3720000000  
0.7819468761 1.3730000000  
0.7818666281 1.3740000000  
0.7817864342 1.3750000000  
0.7817062943 1.3760000000  
0.7816262084 1.3770000000  
0.7815461765 1.3780000000  
0.7814661984 1.3790000000  
0.7813862742 1.3800000000  
0.7813064037 1.3810000000  
0.7812265869 1.3820000000  
0.7811468237 1.3830000000  
0.7810671141 1.3840000000  
0.7809874581 1.3850000000  
0.7809078555 1.3860000000  
0.7808283063 1.3870000000  
0.7807488105 1.3880000000  
0.7806693680 1.3890000000  
0.7805899787 1.3900000000  
0.7805106426 1.3910000000  
0.7804313596 1.3920000000  
0.7803521297 1.3930000000  
0.7802729529 1.3940000000  
0.7801938289 1.3950000000  
0.7801147579 1.3960000000  
0.7800357397 1.3970000000  
0.7799567743 1.3980000000  
0.7798778616 1.3990000000  
0.7797990016 1.4000000000  
0.7797201942 1.4010000000  
0.7796414394 1.4020000000  
0.7795627371 1.4030000000  
0.7794840872 1.4040000000  
0.7794054897 1.4050000000  
0.7793269446 1.4060000000  
0.7792484517 1.4070000000  
0.7791700111 1.4080000000  
0.7790916226 1.4090000000  
0.7790132863 1.4100000000  
0.7789350020 1.4110000000  
0.7788567697 1.4120000000  
0.7787785894 1.4130000000  
0.7787004610 1.4140000000  
0.7786223844 1.4150000000  
0.7785443595 1.4160000000  
0.7784663865 1.4170000000  
0.7783884650 1.4180000000  
0.7783105953 1.4190000000  
0.7782327770 1.4200000000  
0.7781550103 1.4210000000  
0.7780772951 1.4220000000  
0.7779996312 1.4230000000  
0.7779220187 1.4240000000  
0.7778444575 1.4250000000  
0.7777669475 1.4260000000  
0.7776894887 1.4270000000  
0.7776120811 1.4280000000  
0.7775347245 1.4290000000  
0.7774574189 1.4300000000  
0.7773801643 1.4310000000  
0.7773029607 1.4320000000  
0.7772258078 1.4330000000  
0.7771487058 1.4340000000  
0.7770716546 1.4350000000  
0.7769946541 1.4360000000  
0.7769177042 1.4370000000  
0.7768408049 1.4380000000  
0.7767639561 1.4390000000  
0.7766871578 1.4400000000  
0.7766104100 1.4410000000  
0.7765337125 1.4420000000  
0.7764570654 1.4430000000  
0.7763804686 1.4440000000  
0.7763039220 1.4450000000  
0.7762274255 1.4460000000  
0.7761509792 1.4470000000  
0.7760745829 1.4480000000  
0.7759982367 1.4490000000  
0.7759219404 1.4500000000  
0.7758456940 1.4510000000  
0.7757694975 1.4520000000  
0.7756933508 1.4530000000  
0.7756172538 1.4540000000  
0.7755412066 1.4550000000  
0.7754652090 1.4560000000  
0.7753892610 1.4570000000  
0.7753133625 1.4580000000  
0.7752375136 1.4590000000  
0.7751617141 1.4600000000  
0.7750859639 1.4610000000  
0.7750102631 1.4620000000  
0.7749346116 1.4630000000  
0.7748590094 1.4640000000  
0.7747834563 1.4650000000  
0.7747079524 1.4660000000  
0.7746324975 1.4670000000  
0.7745570917 1.4680000000  
0.7744817349 1.4690000000  
0.7744064270 1.4700000000  
0.7743311679 1.4710000000  
0.7742559577 1.4720000000  
0.7741807963 1.4730000000  
0.7741056836 1.4740000000  
0.7740306196 1.4750000000  
0.7739556043 1.4760000000  
0.7738806375 1.4770000000  
0.7738057192 1.4780000000  
0.7737308494 1.4790000000  
0.7736560280 1.4800000000  
0.7735812550 1.4810000000  
0.7735065304 1.4820000000  
0.7734318540 1.4830000000  
0.7733572258 1.4840000000  
0.7732826458 1.4850000000  
0.7732081140 1.4860000000  
0.7731336302 1.4870000000  
0.7730591945 1.4880000000  
0.7729848067 1.4890000000  
0.7729104669 1.4900000000  
0.7728361749 1.4910000000  
0.7727619308 1.4920000000  
0.7726877344 1.4930000000  
0.7726135858 1.4940000000  
0.7725394849 1.4950000000  
0.7724654316 1.4960000000  
0.7723914259 1.4970000000  
0.7723174677 1.4980000000  
0.7722435571 1.4990000000  
0.7721696938 1.5000000000  
0.7720958780 1.5010000000  
0.7720221095 1.5020000000  
0.7719483882 1.5030000000  
0.7718747143 1.5040000000  
0.7718010875 1.5050000000  
0.7717275079 1.5060000000  
0.7716539754 1.5070000000  
0.7715804899 1.5080000000  
0.7715070514 1.5090000000  
0.7714336599 1.5100000000  
0.7713603153 1.5110000000  
0.7712870176 1.5120000000  
0.7712137667 1.5130000000  
0.7711405625 1.5140000000  
0.7710674051 1.5150000000  
0.7709942943 1.5160000000  
0.7709212301 1.5170000000  
0.7708482125 1.5180000000  
0.7707752415 1.5190000000  
0.7707023169 1.5200000000  
0.7706294388 1.5210000000  
0.7705566070 1.5220000000  
0.7704838216 1.5230000000  
0.7704110825 1.5240000000  
0.7703383896 1.5250000000  
0.7702657429 1.5260000000  
0.7701931424 1.5270000000  
0.7701205879 1.5280000000  
0.7700480795 1.5290000000  
0.7699756172 1.5300000000  
0.7699032008 1.5310000000  
0.7698308303 1.5320000000  
0.7697585057 1.5330000000  
0.7696862269 1.5340000000  
0.7696139938 1.5350000000  
0.7695418065 1.5360000000  
0.7694696649 1.5370000000  
0.7693975690 1.5380000000  
0.7693255186 1.5390000000  
0.7692535138 1.5400000000  
0.7691815544 1.5410000000  
0.7691096406 1.5420000000  
0.7690377721 1.5430000000  
0.7689659490 1.5440000000  
0.7688941712 1.5450000000  
0.7688224387 1.5460000000  
0.7687507514 1.5470000000  
0.7686791093 1.5480000000  
0.7686075123 1.5490000000  
0.7685359604 1.5500000000  
0.7684644535 1.5510000000  
0.7683929917 1.5520000000  
0.7683215748 1.5530000000  
0.7682502028 1.5540000000  
0.7681788757 1.5550000000  
0.7681075934 1.5560000000  
0.7680363558 1.5570000000  
0.7679651630 1.5580000000  
0.7678940149 1.5590000000  
0.7678229114 1.5600000000  
0.7677518525 1.5610000000  
0.7676808382 1.5620000000  
0.7676098683 1.5630000000  
0.7675389429 1.5640000000  
0.7674680620 1.5650000000  
0.7673972254 1.5660000000  
0.7673264331 1.5670000000  
0.7672556851 1.5680000000  
0.7671849813 1.5690000000  
0.7671143218 1.5700000000  
0.7670437063 1.5710000000  
0.7669731350 1.5720000000  
0.7669026078 1.5730000000  
0.7668321246 1.5740000000  
0.7667616853 1.5750000000  
0.7666912900 1.5760000000  
0.7666209385 1.5770000000  
0.7665506309 1.5780000000  
0.7664803671 1.5790000000  
0.7664101471 1.5800000000  
0.7663399707 1.5810000000  
0.7662698381 1.5820000000  
0.7661997490 1.5830000000  
0.7661297035 1.5840000000  
0.7660597016 1.5850000000  
0.7659897432 1.5860000000  
0.7659198282 1.5870000000  
0.7658499566 1.5880000000  
0.7657801284 1.5890000000  
0.7657103435 1.5900000000  
0.7656406019 1.5910000000  
0.7655709035 1.5920000000  
0.7655012483 1.5930000000  
0.7654316363 1.5940000000  
0.7653620674 1.5950000000  
0.7652925415 1.5960000000  
0.7652230587 1.5970000000  
0.7651536188 1.5980000000  
0.7650842219 1.5990000000  
0.7650148679 1.6000000000  
0.7649455567 1.6010000000  
0.7648762884 1.6020000000  
0.7648070628 1.6030000000  
0.7647378799 1.6040000000  
0.7646687397 1.6050000000  
0.7645996422 1.6060000000  
0.7645305872 1.6070000000  
0.7644615749 1.6080000000  
0.7643926050 1.6090000000  
0.7643236776 1.6100000000  
0.7642547926 1.6110000000  
0.7641859501 1.6120000000  
0.7641171498 1.6130000000  
0.7640483919 1.6140000000  
0.7639796763 1.6150000000  
0.7639110028 1.6160000000  
0.7638423716 1.6170000000  
0.7637737825 1.6180000000  
0.7637052355 1.6190000000  
0.7636367305 1.6200000000  
0.7635682676 1.6210000000  
0.7634998467 1.6220000000  
0.7634314676 1.6230000000  
0.7633631305 1.6240000000  
0.7632948353 1.6250000000  
0.7632265818 1.6260000000  
0.7631583701 1.6270000000  
0.7630902002 1.6280000000  
0.7630220719 1.6290000000  
0.7629539853 1.6300000000  
0.7628859403 1.6310000000  
0.7628179368 1.6320000000  
0.7627499749 1.6330000000  
0.7626820545 1.6340000000  
0.7626141755 1.6350000000  
0.7625463379 1.6360000000  
0.7624785417 1.6370000000  
0.7624107868 1.6380000000  
0.7623430732 1.6390000000  
0.7622754009 1.6400000000  
0.7622077697 1.6410000000  
0.7621401797 1.6420000000  
0.7620726308 1.6430000000  
0.7620051231 1.6440000000  
0.7619376563 1.6450000000  
0.7618702306 1.6460000000  
0.7618028458 1.6470000000  
0.7617355020 1.6480000000  
0.7616681990 1.6490000000  
0.7616009369 1.6500000000  
0.7615337156 1.6510000000  
0.7614665351 1.6520000000  
0.7613993953 1.6530000000  
0.7613322961 1.6540000000  
0.7612652376 1.6550000000  
0.7611982198 1.6560000000  
0.7611312425 1.6570000000  
0.7610643057 1.6580000000  
0.7609974094 1.6590000000  
0.7609305536 1.6600000000  
0.7608637382 1.6610000000  
0.7607969631 1.6620000000  
0.7607302284 1.6630000000  
0.7606635340 1.6640000000  
0.7605968799 1.6650000000  
0.7605302659 1.6660000000  
0.7604636922 1.6670000000  
0.7603971586 1.6680000000  
0.7603306651 1.6690000000  
0.7602642116 1.6700000000  
0.7601977982 1.6710000000  
0.7601314247 1.6720000000  
0.7600650912 1.6730000000  
0.7599987977 1.6740000000  
0.7599325440 1.6750000000  
0.7598663301 1.6760000000  
0.7598001560 1.6770000000  
0.7597340217 1.6780000000  
0.7596679271 1.6790000000  
0.7596018721 1.6800000000  
0.7595358568 1.6810000000  
0.7594698812 1.6820000000  
0.7594039450 1.6830000000  
0.7593380484 1.6840000000  
0.7592721913 1.6850000000  
0.7592063737 1.6860000000  
0.7591405955 1.6870000000  
0.7590748566 1.6880000000  
0.7590091571 1.6890000000  
0.7589434969 1.6900000000  
0.7588778759 1.6910000000  
0.7588122942 1.6920000000  
0.7587467517 1.6930000000  
0.7586812483 1.6940000000  
0.7586157840 1.6950000000  
0.7585503588 1.6960000000  
0.7584849727 1.6970000000  
0.7584196255 1.6980000000  
0.7583543173 1.6990000000  
0.7582890481 1.7000000000  
0.7582238177 1.7010000000  
0.7581586262 1.7020000000  
0.7580934735 1.7030000000  
0.7580283596 1.7040000000  
0.7579632844 1.7050000000  
0.7578982480 1.7060000000  
0.7578332502 1.7070000000  
0.7577682910 1.7080000000  
0.7577033705 1.7090000000  
0.7576384885 1.7100000000  
0.7575736450 1.7110000000  
0.7575088400 1.7120000000  
0.7574440734 1.7130000000  
0.7573793453 1.7140000000  
0.7573146556 1.7150000000  
0.7572500041 1.7160000000  
0.7571853910 1.7170000000  
0.7571208162 1.7180000000  
0.7570562796 1.7190000000  
0.7569917812 1.7200000000  
0.7569273209 1.7210000000  
0.7568628988 1.7220000000  
0.7567985148 1.7230000000  
0.7567341688 1.7240000000  
0.7566698608 1.7250000000  
0.7566055908 1.7260000000  
0.7565413588 1.7270000000  
0.7564771646 1.7280000000  
0.7564130084 1.7290000000  
0.7563488899 1.7300000000  
0.7562848093 1.7310000000  
0.7562207665 1.7320000000  
0.7561567613 1.7330000000  
0.7560927939 1.7340000000  
0.7560288641 1.7350000000  
0.7559649720 1.7360000000  
0.7559011174 1.7370000000  
0.7558373004 1.7380000000  
0.7557735209 1.7390000000  
0.7557097789 1.7400000000  
0.7556460743 1.7410000000  
0.7555824072 1.7420000000  
0.7555187774 1.7430000000  
0.7554551850 1.7440000000  
0.7553916298 1.7450000000  
0.7553281120 1.7460000000  
0.7552646314 1.7470000000  
0.7552011880 1.7480000000  
0.7551377817 1.7490000000  
0.7550744126 1.7500000000  
0.7550110806 1.7510000000  
0.7549477856 1.7520000000  
0.7548845277 1.7530000000  
0.7548213068 1.7540000000  
0.7547581228 1.7550000000  
0.7546949758 1.7560000000  
0.7546318656 1.7570000000  
0.7545687923 1.7580000000  
0.7545057559 1.7590000000  
0.7544427562 1.7600000000  
0.7543797932 1.7610000000  
0.7543168670 1.7620000000  
0.7542539775 1.7630000000  
0.7541911246 1.7640000000  
0.7541283083 1.7650000000  
0.7540655287 1.7660000000  
0.7540027855 1.7670000000  
0.7539400789 1.7680000000  
0.7538774088 1.7690000000  
0.7538147751 1.7700000000  
0.7537521778 1.7710000000  
0.7536896169 1.7720000000  
0.7536270924 1.7730000000  
0.7535646041 1.7740000000  
0.7535021521 1.7750000000  
0.7534397364 1.7760000000  
0.7533773569 1.7770000000  
0.7533150136 1.7780000000  
0.7532527064 1.7790000000  
0.7531904353 1.7800000000  
0.7531282003 1.7810000000  
0.7530660013 1.7820000000  
0.7530038384 1.7830000000  
0.7529417114 1.7840000000  
0.7528796204 1.7850000000  
0.7528175652 1.7860000000  
0.7527555460 1.7870000000  
0.7526935626 1.7880000000  
0.7526316150 1.7890000000  
0.7525697032 1.7900000000  
0.7525078271 1.7910000000  
0.7524459868 1.7920000000  
0.7523841821 1.7930000000  
0.7523224130 1.7940000000  
0.7522606796 1.7950000000  
0.7521989818 1.7960000000  
0.7521373195 1.7970000000  
0.7520756927 1.7980000000  
0.7520141014 1.7990000000  
0.7519525456 1.8000000000  
0.7518910251 1.8010000000  
0.7518295401 1.8020000000  
0.7517680904 1.8030000000  
0.7517066760 1.8040000000  
0.7516452969 1.8050000000  
0.7515839531 1.8060000000  
0.7515226445 1.8070000000  
0.7514613710 1.8080000000  
0.7514001328 1.8090000000  
0.7513389296 1.8100000000  
0.7512777616 1.8110000000  
0.7512166286 1.8120000000  
0.7511555306 1.8130000000  
0.7510944677 1.8140000000  
0.7510334397 1.8150000000  
0.7509724466 1.8160000000  
0.7509114885 1.8170000000  
0.7508505652 1.8180000000  
0.7507896767 1.8190000000  
0.7507288231 1.8200000000  
0.7506680042 1.8210000000  
0.7506072200 1.8220000000  
0.7505464706 1.8230000000  
0.7504857559 1.8240000000  
0.7504250758 1.8250000000  
0.7503644303 1.8260000000  
0.7503038194 1.8270000000  
0.7502432430 1.8280000000  
0.7501827012 1.8290000000  
0.7501221939 1.8300000000  
0.7500617210 1.8310000000  
0.7500012825 1.8320000000  
0.7499408785 1.8330000000  
0.7498805088 1.8340000000  
0.7498201734 1.8350000000  
0.7497598724 1.8360000000  
0.7496996056 1.8370000000  
0.7496393730 1.8380000000  
0.7495791747 1.8390000000  
0.7495190105 1.8400000000  
0.7494588805 1.8410000000  
0.7493987846 1.8420000000  
0.7493387228 1.8430000000  
0.7492786950 1.8440000000  
0.7492187013 1.8450000000  
0.7491587415 1.8460000000  
0.7490988157 1.8470000000  
0.7490389239 1.8480000000  
0.7489790659 1.8490000000  
0.7489192418 1.8500000000  
0.7488594516 1.8510000000  
0.7487996951 1.8520000000  
0.7487399725 1.8530000000  
0.7486802835 1.8540000000  
0.7486206283 1.8550000000  
0.7485610068 1.8560000000  
0.7485014190 1.8570000000  
0.7484418647 1.8580000000  
0.7483823441 1.8590000000  
0.7483228570 1.8600000000  
0.7482634035 1.8610000000  
0.7482039834 1.8620000000  
0.7481445969 1.8630000000  
0.7480852437 1.8640000000  
0.7480259240 1.8650000000  
0.7479666377 1.8660000000  
0.7479073848 1.8670000000  
0.7478481651 1.8680000000  
0.7477889788 1.8690000000  
0.7477298257 1.8700000000  
0.7476707058 1.8710000000  
0.7476116192 1.8720000000  
0.7475525657 1.8730000000  
0.7474935454 1.8740000000  
0.7474345582 1.8750000000  
0.7473756041 1.8760000000  
0.7473166830 1.8770000000  
0.7472577949 1.8780000000  
0.7471989399 1.8790000000  
0.7471401178 1.8800000000  
0.7470813287 1.8810000000  
0.7470225724 1.8820000000  
0.7469638491 1.8830000000  
0.7469051586 1.8840000000  
0.7468465009 1.8850000000  
0.7467878760 1.8860000000  
0.7467292839 1.8870000000  
0.7466707245 1.8880000000  
0.7466121978 1.8890000000  
0.7465537038 1.8900000000  
0.7464952424 1.8910000000  
0.7464368136 1.8920000000  
0.7463784175 1.8930000000  
0.7463200538 1.8940000000  
0.7462617228 1.8950000000  
0.7462034242 1.8960000000  
0.7461451580 1.8970000000  
0.7460869244 1.8980000000  
0.7460287231 1.8990000000  
0.7459705542 1.9000000000  
0.7459124177 1.9010000000  
0.7458543135 1.9020000000  
0.7457962416 1.9030000000  
0.7457382020 1.9040000000  
0.7456801946 1.9050000000  
0.7456222194 1.9060000000  
0.7455642764 1.9070000000  
0.7455063656 1.9080000000  
0.7454484869 1.9090000000  
0.7453906403 1.9100000000  
0.7453328257 1.9110000000  
0.7452750432 1.9120000000  
0.7452172928 1.9130000000  
0.7451595742 1.9140000000  
0.7451018877 1.9150000000  
0.7450442331 1.9160000000  
0.7449866104 1.9170000000  
0.7449290195 1.9180000000  
0.7448714605 1.9190000000  
0.7448139333 1.9200000000  
0.7447564379 1.9210000000  
0.7446989743 1.9220000000  
0.7446415424 1.9230000000  
0.7445841422 1.9240000000  
0.7445267736 1.9250000000  
0.7444694368 1.9260000000  
0.7444121315 1.9270000000  
0.7443548578 1.9280000000  
0.7442976157 1.9290000000  
0.7442404051 1.9300000000  
0.7441832261 1.9310000000  
0.7441260785 1.9320000000  
0.7440689624 1.9330000000  
0.7440118777 1.9340000000  
0.7439548244 1.9350000000  
0.7438978024 1.9360000000  
0.7438408118 1.9370000000  
0.7437838525 1.9380000000  
0.7437269246 1.9390000000  
0.7436700278 1.9400000000  
0.7436131623 1.9410000000  
0.7435563280 1.9420000000  
0.7434995249 1.9430000000  
0.7434427530 1.9440000000  
0.7433860121 1.9450000000  
0.7433293024 1.9460000000  
0.7432726237 1.9470000000  
0.7432159761 1.9480000000  
0.7431593595 1.9490000000  
0.7431027738 1.9500000000  
0.7430462192 1.9510000000  
0.7429896954 1.9520000000  
0.7429332026 1.9530000000  
0.7428767406 1.9540000000  
0.7428203095 1.9550000000  
0.7427639093 1.9560000000  
0.7427075398 1.9570000000  
0.7426512011 1.9580000000  
0.7425948931 1.9590000000  
0.7425386159 1.9600000000  
0.7424823694 1.9610000000  
0.7424261535 1.9620000000  
0.7423699682 1.9630000000  
0.7423138136 1.9640000000  
0.7422576896 1.9650000000  
0.7422015961 1.9660000000  
0.7421455331 1.9670000000  
0.7420895007 1.9680000000  
0.7420334987 1.9690000000  
0.7419775272 1.9700000000  
0.7419215861 1.9710000000  
0.7418656754 1.9720000000  
0.7418097950 1.9730000000  
0.7417539451 1.9740000000  
0.7416981254 1.9750000000  
0.7416423361 1.9760000000  
0.7415865770 1.9770000000  
0.7415308481 1.9780000000  
0.7414751495 1.9790000000  
0.7414194810 1.9800000000  
0.7413638427 1.9810000000  
0.7413082346 1.9820000000  
0.7412526566 1.9830000000  
0.7411971086 1.9840000000  
0.7411415907 1.9850000000  
0.7410861028 1.9860000000  
0.7410306450 1.9870000000  
0.7409752171 1.9880000000  
0.7409198192 1.9890000000  
0.7408644512 1.9900000000  
0.7408091131 1.9910000000  
0.7407538049 1.9920000000  
0.7406985266 1.9930000000  
0.7406432780 1.9940000000  
0.7405880593 1.9950000000  
0.7405328704 1.9960000000  
0.7404777112 1.9970000000  
0.7404225817 1.9980000000  
0.7403674819 1.9990000000  
0.7403124118 2.0000000000  
