     0.49950000      0.34095000      0.00000000
     0.50098663      0.34095000      0.01000000
     0.50247337      0.34085000      0.02000000
     0.50396026      0.34075000      0.03000000
     0.50544764      0.34045000      0.04000000
     0.50693520      0.34025000      0.05000000
     0.50842355      0.33985000      0.06000000
     0.50991241      0.33945000      0.07000000
     0.51140183      0.33905000      0.08000000
     0.51289254      0.33845000      0.09000000
     0.51438402      0.33785000      0.10000000
     0.51587631      0.33725000      0.11000000
     0.51736992      0.33655000      0.12000000
     0.51886499      0.33575000      0.13000000
     0.52036168      0.33485000      0.14000000
     0.52185955      0.33395000      0.15000000
     0.52335865      0.33305000      0.16000000
     0.52486033      0.33195000      0.17000000
     0.52636346      0.33085000      0.18000000
     0.52786881      0.32965000      0.19000000
     0.52937577      0.32845000      0.20000000
     0.53088518      0.32715000      0.21000000
     0.53239720      0.32575000      0.22000000
     0.53391108      0.32435000      0.23000000
     0.53542781      0.32285000      0.24000000
     0.53694754      0.32125000      0.25000000
     0.53847042      0.31955000      0.26000000
     0.53999555      0.31785000      0.27000000
     0.54152406      0.31605000      0.28000000
     0.54305612      0.31415000      0.29000000
     0.54459070      0.31225000      0.30000000
     0.54612907      0.31025000      0.31000000
     0.54767136      0.30815000      0.32000000
     0.54921775      0.30595000      0.33000000
     0.55076839      0.30365000      0.34000000
     0.55232206      0.30135000      0.35000000
     0.55388022      0.29895000      0.36000000
     0.55544447      0.29635000      0.37000000
     0.55701063      0.29385000      0.38000000
     0.55858320      0.29115000      0.39000000
     0.56016089      0.28835000      0.40000000
     0.56174385      0.28545000      0.41000000
     0.56333061      0.28255000      0.42000000
     0.56492455      0.27945000      0.43000000
     0.56652252      0.27635000      0.44000000
     0.56812807      0.27305000      0.45000000
     0.56973789      0.26975000      0.46000000
     0.57135566      0.26625000      0.47000000
     0.57297793      0.26275000      0.48000000
     0.57460475      0.25925000      0.49000000
     0.57623421      0.25585000      0.50000000
     0.57786428      0.25265000      0.51000000
     0.57949881      0.24945000      0.52000000
     0.58113375      0.24645000      0.53000000
     0.58277309      0.24345000      0.54000000
     0.58441476      0.24055000      0.55000000
     0.58605656      0.23785000      0.56000000
     0.58770269      0.23515000      0.57000000
     0.58935098      0.23255000      0.58000000
     0.59100137      0.23005000      0.59000000
     0.59265611      0.22755000      0.60000000
     0.59431058      0.22525000      0.61000000
     0.59596936      0.22295000      0.62000000
     0.59763010      0.22075000      0.63000000
     0.59929519      0.21855000      0.64000000
     0.60095974      0.21655000      0.65000000
     0.60262862      0.21455000      0.66000000
     0.60430187      0.21255000      0.67000000
     0.60597700      0.21065000      0.68000000
     0.60765394      0.20885000      0.69000000
     0.60933530      0.20705000      0.70000000
     0.61101847      0.20535000      0.71000000
     0.61270340      0.20375000      0.72000000
     0.61439281      0.20215000      0.73000000
     0.61608677      0.20055000      0.74000000
     0.61777968      0.19915000      0.75000000
     0.61948000      0.19765000      0.76000000
     0.62118210      0.19625000      0.77000000
     0.62288594      0.19495000      0.78000000
     0.62459447      0.19365000      0.79000000
     0.62630776      0.19235000      0.80000000
     0.62802284      0.19115000      0.81000000
     0.62974277      0.18995000      0.82000000
     0.63146449      0.18885000      0.83000000
     0.63319114      0.18775000      0.84000000
     0.63491959      0.18675000      0.85000000
     0.63665307      0.18575000      0.86000000
     0.63839166      0.18475000      0.87000000
     0.64013212      0.18385000      0.88000000
     0.64187779      0.18295000      0.89000000
     0.64362877      0.18205000      0.90000000
     0.64538169      0.18125000      0.91000000
     0.64713653      0.18055000      0.92000000
     0.64890033      0.17975000      0.93000000
     0.65066616      0.17905000      0.94000000
     0.65243762      0.17835000      0.95000000
     0.65421115      0.17775000      0.96000000
     0.65599043      0.17715000      0.97000000
     0.65777557      0.17655000      0.98000000
     0.65956288      0.17605000      0.99000000
     0.66135619      0.17555000      1.00000000
     0.66315560      0.17505000      1.01000000
     0.66496124      0.17455000      1.02000000
     0.66676925      0.17415000      1.03000000
     0.66858363      0.17375000      1.04000000
     0.67040044      0.17345000      1.05000000
     0.67222379      0.17315000      1.06000000
     0.67405379      0.17285000      1.07000000
     0.67589059      0.17255000      1.08000000
     0.67773007      0.17235000      1.09000000
     0.67957651      0.17215000      1.10000000
     0.68143007      0.17195000      1.11000000
     0.68328647      0.17185000      1.12000000
     0.68515018      0.17175000      1.13000000
     0.68702135      0.17165000      1.14000000
     0.68889557      0.17165000      1.15000000
     0.69077745      0.17165000      1.16000000
     0.69266717      0.17165000      1.17000000
     0.69456015      0.17175000      1.18000000
     0.69646599      0.17175000      1.19000000
     0.69837048      0.17195000      1.20000000
     0.70028818      0.17205000      1.21000000
     0.70220952      0.17225000      1.22000000
     0.70413954      0.17245000      1.23000000
     0.70607335      0.17275000      1.24000000
     0.70801611      0.17305000      1.25000000
     0.70996804      0.17335000      1.26000000
     0.71192407      0.17375000      1.27000000
     0.71388957      0.17415000      1.28000000
     0.71586476      0.17455000      1.29000000
     0.71784440      0.17505000      1.30000000
     0.71983406      0.17555000      1.31000000
     0.72183401      0.17605000      1.32000000
     0.72383311      0.17675000      1.33000000
     0.72584848      0.17735000      1.34000000
     0.72786893      0.17805000      1.35000000
     0.72990044      0.17875000      1.36000000
     0.73193730      0.17955000      1.37000000
     0.73397957      0.18045000      1.38000000
     0.73603348      0.18135000      1.39000000
     0.73809933      0.18225000      1.40000000
     0.74016484      0.18335000      1.41000000
     0.74224901      0.18435000      1.42000000
     0.74433302      0.18555000      1.43000000
     0.74642984      0.18675000      1.44000000
     0.74853318      0.18805000      1.45000000
     0.75064315      0.18945000      1.46000000
     0.75276674      0.19085000      1.47000000
     0.75489044      0.19245000      1.48000000
     0.75702116      0.19415000      1.49000000
     0.75915904      0.19595000      1.50000000
     0.76130423      0.19785000      1.51000000
     0.76345690      0.19985000      1.52000000
     0.76560974      0.20205000      1.53000000
     0.76777021      0.20435000      1.54000000
     0.76992309      0.20695000      1.55000000
     0.77207570      0.20975000      1.56000000
     0.77422792      0.21275000      1.57000000
     0.77636345      0.21615000      1.58000000
     0.77848140      0.21995000      1.59000000
     0.78057251      0.22425000      1.60000000
     0.78261849      0.22925000      1.61000000
     0.78458266      0.23535000      1.62000000
     0.78548603      0.25365000      1.63000000
     0.78593987      0.27665000      1.64000000
     0.78635591      0.29965000      1.65000000
     0.78673132      0.32275000      1.66000000
     0.78707137      0.34595000      1.67000000
     0.78736186      0.36945000      1.68000000
     0.78759709      0.39335000      1.69000000
     0.78779959      0.41745000      1.70000000
     0.78794409      0.44205000      1.71000000
     0.78803365      0.46715000      1.72000000
     0.78808091      0.49265000      1.73000000
     0.78806002      0.51885000      1.74000000
     0.78798365      0.54565000      1.75000000
     0.78784531      0.57315000      1.76000000
     0.78762911      0.60155000      1.77000000
     0.78734815      0.63075000      1.78000000
     0.78699658      0.66085000      1.79000000
     0.78655014      0.69215000      1.80000000
     0.78602287      0.72455000      1.81000000
     0.78540106      0.75825000      1.82000000
     0.78467196      0.79345000      1.83000000
     0.78382395      0.83035000      1.84000000
     0.78284666      0.86915000      1.85000000
     0.78173995      0.90995000      1.86000000
     0.78047015      0.95325000      1.87000000
     0.77902402      0.99935000      1.88000000
     0.77737438      1.04875000      1.89000000
     0.77549023      1.10205000      1.90000000
     0.77333040      1.16005000      1.91000000
     0.77084634      1.22375000      1.92000000
     0.76795565      1.29475000      1.93000000
     0.76455862      1.37515000      1.94000000
     0.76050023      1.46825000      1.95000000
     0.76005586      1.47835000      1.95100000
     0.75959433      1.48875000      1.95200000
     0.75912272      1.49935000      1.95300000
     0.75864121      1.51015000      1.95400000
     0.75815673      1.52105000      1.95500000
     0.75765598      1.53225000      1.95600000
     0.75713928      1.54375000      1.95700000
     0.75662015      1.55535000      1.95800000
     0.75607897      1.56735000      1.95900000
     0.75553577      1.57945000      1.96000000
     0.75497114      1.59195000      1.96100000
     0.75439200      1.60475000      1.96200000
     0.75380508      1.61775000      1.96300000
     0.75319783      1.63115000      1.96400000
     0.75257707      1.64485000      1.96500000
     0.75193682      1.65895000      1.96600000
     0.75127757      1.67345000      1.96700000
     0.75059359      1.68845000      1.96800000
     0.74989781      1.70375000      1.96900000
     0.74917226      1.71965000      1.97000000
     0.74842377      1.73605000      1.97100000
     0.74764097      1.75315000      1.97200000
     0.74683077      1.77085000      1.97300000
     0.74598809      1.78925000      1.97400000
     0.74510220      1.80855000      1.97500000
     0.74417445      1.82875000      1.97600000
     0.74318898      1.85015000      1.97700000
     0.74214773      1.87275000      1.97800000
     0.74103587      1.89685000      1.97900000
     0.75400692      1.89625000      2.02000000
     0.75592957      1.86885000      2.02100000
     0.75778150      1.84305000      2.02200000
     0.75957122      1.81865000      2.02300000
     0.76130161      1.79555000      2.02400000
     0.76298913      1.77345000      2.02500000
     0.76463140      1.75235000      2.02600000
     0.76624630      1.73195000      2.02700000
     0.76782551      1.71235000      2.02800000
     0.76938105      1.69335000      2.02900000
     0.77091870      1.67485000      2.03000000
     0.77243745      1.65685000      2.03100000
     0.78695080      1.49695000      2.04100000
     0.80100512      1.35925000      2.05100000
     0.81536722      1.23185000      2.06100000
     0.83086076      1.10605000      2.07100000
     0.84910419      0.96965000      2.08100000
     0.87794511      0.77225000      2.09100000
     0.90890585      0.57645000      2.09100000
     0.93367107      0.42685000      2.08100000
     0.94750294      0.34465000      2.07100000
     0.95813628      0.28155000      2.06100000
     0.96704186      0.22835000      2.05100000
     0.97485152      0.18105000      2.04100000
     0.98183665      0.13765000      2.03100000
     0.98249988      0.13345000      2.03000000
     0.98316148      0.12925000      2.02900000
     0.98382122      0.12505000      2.02800000
     0.98445727      0.12095000      2.02700000
     0.98509105      0.11685000      2.02600000
     0.98572230      0.11275000      2.02500000
     0.98637211      0.10855000      2.02400000
     0.98697601      0.10455000      2.02300000
     0.98759784      0.10045000      2.02200000
     0.98821583      0.09635000      2.02100000
     0.98882960      0.09225000      2.02000000
     0.98943874      0.08815000      2.01900000
     0.99002200      0.08415000      2.01800000
     0.99062057      0.08005000      2.01700000
     0.99121300      0.07595000      2.01600000
     0.99179868      0.07185000      2.01500000
     0.99237696      0.06775000      2.01400000
     0.99294708      0.06365000      2.01300000
     0.99352789      0.05945000      2.01200000
     0.99407888      0.05535000      2.01100000
     0.99465713      0.05105000      2.01000000
     0.99520312      0.04685000      2.00900000
     0.99575319      0.04255000      2.00800000
     0.99630432      0.03815000      2.00700000
     0.99685280      0.03365000      2.00600000
     0.99739392      0.02905000      2.00500000
     0.99792159      0.02435000      2.00400000
     0.99845809      0.01935000      2.00300000
     0.99897039      0.01415000      2.00200000
     0.99949239      0.00825000      2.00100000
