     0.49950000      0.06395000      0.00000000
     0.50108140      0.06375000      0.01000000
     0.50266301      0.06335000      0.02000000
     0.50424500      0.06275000      0.03000000
     0.50582772      0.06175000      0.04000000
     0.50741123      0.06055000      0.05000000
     0.50899581      0.05905000      0.06000000
     0.51058166      0.05725000      0.07000000
     0.51216914      0.05505000      0.08000000
     0.51375826      0.05255000      0.09000000
     0.51534937      0.04965000      0.10000000
     0.51694259      0.04635000      0.11000000
     0.51853695      0.04315000      0.12000000
     0.52013174      0.04035000      0.13000000
     0.52172704      0.03785000      0.14000000
     0.52332278      0.03565000      0.15000000
     0.52491913      0.03365000      0.16000000
     0.52651580      0.03195000      0.17000000
     0.52811324      0.03035000      0.18000000
     0.52971146      0.02885000      0.19000000
     0.53131020      0.02755000      0.20000000
     0.53290970      0.02635000      0.21000000
     0.53450972      0.02535000      0.22000000
     0.53611081      0.02435000      0.23000000
     0.53771271      0.02345000      0.24000000
     0.53931573      0.02255000      0.25000000
     0.54091962      0.02175000      0.26000000
     0.54252438      0.02105000      0.27000000
     0.54413006      0.02045000      0.28000000
     0.54573728      0.01975000      0.29000000
     0.54734517      0.01925000      0.30000000
     0.54895468      0.01865000      0.31000000
     0.55056523      0.01815000      0.32000000
     0.55217685      0.01775000      0.33000000
     0.55379022      0.01725000      0.34000000
     0.55540473      0.01685000      0.35000000
     0.55702076      0.01645000      0.36000000
     0.55863834      0.01605000      0.37000000
     0.56025717      0.01575000      0.38000000
     0.56187765      0.01545000      0.39000000
     0.56349980      0.01515000      0.40000000
     0.56512369      0.01485000      0.41000000
     0.56674934      0.01455000      0.42000000
     0.56837645      0.01435000      0.43000000
     0.57000543      0.01415000      0.44000000
     0.57163669      0.01385000      0.45000000
     0.57326954      0.01365000      0.46000000
     0.57490439      0.01345000      0.47000000
     0.57654130      0.01325000      0.48000000
     0.57818033      0.01305000      0.49000000
     0.57982152      0.01285000      0.50000000
     0.58146492      0.01265000      0.51000000
     0.58311017      0.01255000      0.52000000
     0.58475772      0.01245000      0.53000000
     0.58640806      0.01225000      0.54000000
     0.58806041      0.01215000      0.55000000
     0.58971525      0.01205000      0.56000000
     0.59137303      0.01185000      0.57000000
     0.59303252      0.01185000      0.58000000
     0.59469551      0.01165000      0.59000000
     0.59636078      0.01155000      0.60000000
     0.59802838      0.01155000      0.61000000
     0.59969971      0.01135000      0.62000000
     0.60137346      0.01125000      0.63000000
     0.60304964      0.01125000      0.64000000
     0.60472927      0.01115000      0.65000000
     0.60641198      0.01105000      0.66000000
     0.60809739      0.01105000      0.67000000
     0.60978649      0.01095000      0.68000000
     0.61147882      0.01085000      0.69000000
     0.61317394      0.01085000      0.70000000
     0.61487242      0.01085000      0.71000000
     0.61657487      0.01075000      0.72000000
     0.61828037      0.01075000      0.73000000
     0.61998951      0.01075000      0.74000000
     0.62170286      0.01065000      0.75000000
     0.62341994      0.01055000      0.76000000
     0.62513968      0.01065000      0.77000000
     0.62686384      0.01065000      0.78000000
     0.62859254      0.01055000      0.79000000
     0.63032478      0.01055000      0.80000000
     0.63206118      0.01055000      0.81000000
     0.63380181      0.01055000      0.82000000
     0.63554671      0.01055000      0.83000000
     0.63729595      0.01055000      0.84000000
     0.63904961      0.01055000      0.85000000
     0.64080782      0.01055000      0.86000000
     0.64257068      0.01055000      0.87000000
     0.64433831      0.01055000      0.88000000
     0.64611080      0.01055000      0.89000000
     0.64788757      0.01065000      0.90000000
     0.64967000      0.01065000      0.91000000
     0.65145752      0.01065000      0.92000000
     0.65325024      0.01065000      0.93000000
     0.65504755      0.01075000      0.94000000
     0.65685098      0.01075000      0.95000000
     0.65865996      0.01075000      0.96000000
     0.66047387      0.01085000      0.97000000
     0.66229428      0.01085000      0.98000000
     0.66411983      0.01095000      0.99000000
     0.66778973      0.01105000      1.01000000
     0.66963435      0.01105000      1.02000000
     0.67148451      0.01115000      1.03000000
     0.67334196      0.01115000      1.04000000
     0.67520519      0.01125000      1.05000000
     0.67707515      0.01135000      1.06000000
     0.67895199      0.01145000      1.07000000
     0.68083585      0.01155000      1.08000000
     0.68272688      0.01165000      1.09000000
     0.68462523      0.01175000      1.10000000
     0.68653198      0.01175000      1.11000000
     0.68844544      0.01185000      1.12000000
     0.69036670      0.01195000      1.13000000
     0.69229591      0.01205000      1.14000000
     0.69423325      0.01215000      1.15000000
     0.69617889      0.01225000      1.16000000
     0.69813197      0.01245000      1.17000000
     0.70009476      0.01255000      1.18000000
     0.70206641      0.01265000      1.19000000
     0.70404601      0.01285000      1.20000000
     0.70603597      0.01295000      1.21000000
     0.70803542      0.01305000      1.22000000
     0.71004337      0.01325000      1.23000000
     0.71206241      0.01335000      1.24000000
     0.71409036      0.01355000      1.25000000
     0.71612992      0.01365000      1.26000000
     0.71817883      0.01385000      1.27000000
     0.72023858      0.01405000      1.28000000
     0.72230943      0.01425000      1.29000000
     0.72439166      0.01445000      1.30000000
     0.72648554      0.01465000      1.31000000
     0.72858991      0.01495000      1.32000000
     0.73070796      0.01515000      1.33000000
     0.73283856      0.01535000      1.34000000
     0.73498205      0.01555000      1.35000000
     0.73713716      0.01585000      1.36000000
     0.73930741      0.01605000      1.37000000
     0.74148992      0.01635000      1.38000000
     0.74368838      0.01655000      1.39000000
     0.74589980      0.01685000      1.40000000
     0.74812625      0.01715000      1.41000000
     0.75036816      0.01745000      1.42000000
     0.75262597      0.01775000      1.43000000
     0.75489819      0.01815000      1.44000000
     0.75718917      0.01845000      1.45000000
     0.75949544      0.01885000      1.46000000
     0.76182160      0.01915000      1.47000000
     0.76416402      0.01955000      1.48000000
     0.76652534      0.01995000      1.49000000
     0.76890387      0.02045000      1.50000000
     0.77130477      0.02085000      1.51000000
     0.77372647      0.02125000      1.52000000
     0.77616718      0.02175000      1.53000000
     0.77862999      0.02225000      1.54000000
     0.78111568      0.02275000      1.55000000
     0.78362231      0.02335000      1.56000000
     0.78615617      0.02385000      1.57000000
     0.78871258      0.02445000      1.58000000
     0.79129526      0.02505000      1.59000000
     0.79390522      0.02565000      1.60000000
     0.79654034      0.02635000      1.61000000
     0.79920478      0.02705000      1.62000000
     0.80189634      0.02785000      1.63000000
     0.80462306      0.02855000      1.64000000
     0.80737936      0.02935000      1.65000000
     0.81016635      0.03025000      1.66000000
     0.81298917      0.03115000      1.67000000
     0.81584952      0.03205000      1.68000000
     0.81874501      0.03305000      1.69000000
     0.82167717      0.03415000      1.70000000
     0.82465220      0.03525000      1.71000000
     0.82766767      0.03645000      1.72000000
     0.83073046      0.03765000      1.73000000
     0.83383307      0.03905000      1.74000000
     0.83698791      0.04045000      1.75000000
     0.84019268      0.04195000      1.76000000
     0.84345025      0.04355000      1.77000000
     0.84676386      0.04525000      1.78000000
     0.85013073      0.04715000      1.79000000
     0.85356065      0.04915000      1.80000000
     0.85705117      0.05135000      1.81000000
     0.86060638      0.05375000      1.82000000
     0.86423099      0.05635000      1.83000000
     0.86792240      0.05925000      1.84000000
     0.87168571      0.06245000      1.85000000
     0.87551804      0.06605000      1.86000000
     0.87941575      0.07015000      1.87000000
     0.88336431      0.07495000      1.88000000
     0.88733519      0.08075000      1.89000000
     0.89124750      0.08825000      1.90000000
     0.89429232      0.10385000      1.91000000
     0.89200394      0.15785000      1.92000000
     0.88897491      0.21215000      1.93000000
     0.88511323      0.26965000      1.94000000
     0.88023043      0.33295000      1.95000000
     0.87967007      0.33975000      1.95100000
     0.87911079      0.34655000      1.95200000
     0.87852166      0.35355000      1.95300000
     0.87791853      0.36065000      1.95400000
     0.87731715      0.36775000      1.95500000
     0.87668675      0.37505000      1.95600000
     0.87604314      0.38245000      1.95700000
     0.87538659      0.38995000      1.95800000
     0.87470201      0.39765000      1.95900000
     0.87400515      0.40545000      1.96000000
     0.87329629      0.41335000      1.96100000
     0.87256051      0.42145000      1.96200000
     0.87179828      0.42975000      1.96300000
     0.87102518      0.43815000      1.96400000
     0.87022649      0.44675000      1.96500000
     0.86940271      0.45555000      1.96600000
     0.86855437      0.46455000      1.96700000
     0.86768202      0.47375000      1.96800000
     0.86677141      0.48325000      1.96900000
     0.86585281      0.49285000      1.97000000
     0.86488263      0.50285000      1.97100000
     0.86389112      0.51305000      1.97200000
     0.86286443      0.52355000      1.97300000
     0.86178906      0.53445000      1.97400000
     0.86069489      0.54555000      1.97500000
     0.85953996      0.55715000      1.97600000
     0.85835413      0.56905000      1.97700000
     0.85711043      0.58145000      1.97800000
     0.85581061      0.59435000      1.97900000
     0.85445651      0.60775000      1.98000000
     0.85305000      0.62165000      1.98100000
     0.85156600      0.63625000      1.98200000
     0.85000734      0.65155000      1.98300000
     0.84836371      0.66765000      1.98400000
     0.84662555      0.68465000      1.98500000
     0.84478404      0.70265000      1.98600000
     0.84281846      0.72185000      1.98700000
     0.84068456      0.74265000      1.98800000
     0.83836617      0.76525000      1.98900000
     0.83577633      0.79045000      1.99000000
     0.83281226      0.81925000      1.99100000
     0.82931336      0.85325000      1.99200000
     0.82508503      0.89455000      1.99300000
     0.81997948      0.94515000      1.99400000
     0.81414037      1.00465000      1.99500000
     0.80817594      1.06795000      1.99600000
     0.80294265      1.12635000      1.99700000
     0.79907554      1.17215000      1.99800000
     0.79688376      1.20065000      1.99900000
     0.79984339      1.19915000      2.00100000
     0.80305162      1.16895000      2.00200000
     0.80804218      1.12115000      2.00300000
     0.81458459      1.06005000      2.00400000
     0.82203734      0.99365000      2.00500000
     0.82953033      0.93065000      2.00600000
     0.83638203      0.87645000      2.00700000
     0.84241230      0.83145000      2.00800000
     0.84777826      0.79345000      2.00900000
     0.85267297      0.76035000      2.01000000
     0.85726125      0.73055000      2.01100000
     0.86169360      0.70275000      2.01200000
     0.86602416      0.67645000      2.01300000
     0.87033026      0.65105000      2.01400000
     0.87463639      0.62635000      2.01500000
     0.87901827      0.60185000      2.01600000
     0.88351064      0.57735000      2.01700000
     0.88815189      0.55265000      2.01800000
     0.89303698      0.52725000      2.01900000
     0.89828993      0.50055000      2.02000000
     0.90412497      0.47155000      2.02100000
     0.91096134      0.43835000      2.02200000
     0.92026910      0.39425000      2.02300000
     0.94491875      0.28135000      2.02300000
     0.95271146      0.24615000      2.02200000
     0.95796788      0.22235000      2.02100000
     0.96216652      0.20325000      2.02000000
     0.96572574      0.18695000      2.01900000
     0.96884438      0.17255000      2.01800000
     0.97165816      0.15945000      2.01700000
     0.97423299      0.14735000      2.01600000
     0.97661236      0.13605000      2.01500000
     0.97881600      0.12545000      2.01400000
     0.98086471      0.11545000      2.01300000
     0.98280538      0.10585000      2.01200000
     0.98465944      0.09655000      2.01100000
     0.98639777      0.08765000      2.01000000
     0.98806667      0.07895000      2.00900000
     0.98963684      0.07055000      2.00800000
     0.99115232      0.06225000      2.00700000
     0.99260592      0.05405000      2.00600000
     0.99398882      0.04595000      2.00500000
     0.99531196      0.03785000      2.00400000
     0.99657825      0.02965000      2.00300000
     0.99777601      0.02125000      2.00200000
     0.99892959      0.01215000      2.00100000
