     0.49950000      0.34095000      0.00000000
     0.51438402      0.33785000      0.10000000
     0.52937577      0.32845000      0.20000000
     0.54459070      0.31225000      0.30000000
     0.56016089      0.28835000      0.40000000
     0.57623421      0.25585000      0.50000000
     0.59265611      0.22755000      0.60000000
     0.60933530      0.20705000      0.70000000
     0.62630776      0.19235000      0.80000000
     0.64362877      0.18205000      0.90000000
     0.66135619      0.17555000      1.00000000
     0.67957651      0.17215000      1.10000000
     0.69837048      0.17195000      1.20000000
     0.71784440      0.17505000      1.30000000
     0.73809933      0.18225000      1.40000000
     0.75915904      0.19595000      1.50000000
     0.78057251      0.22425000      1.60000000
     0.78077655      0.22475000      1.60100000
     0.78098907      0.22515000      1.60200000
     0.78119336      0.22565000      1.60300000
     0.78139778      0.22615000      1.60400000
     0.78160233      0.22665000      1.60500000
     0.78180700      0.22715000      1.60600000
     0.78201180      0.22765000      1.60700000
     0.78221673      0.22815000      1.60800000
     0.78241332      0.22875000      1.60900000
     0.78261849      0.22925000      1.61000000
     0.78282379      0.22975000      1.61100000
     0.78302072      0.23035000      1.61200000
     0.78321775      0.23095000      1.61300000
     0.78341488      0.23155000      1.61400000
     0.78361212      0.23215000      1.61500000
     0.78380946      0.23275000      1.61600000
     0.78400690      0.23335000      1.61700000
     0.78419587      0.23405000      1.61800000
     0.78439352      0.23465000      1.61900000
     0.78458266      0.23535000      1.62000000
     0.78477187      0.23605000      1.62100000
     0.78496117      0.23675000      1.62200000
     0.78514189      0.23755000      1.62300000
     0.78519251      0.23985000      1.62400000
     0.78524264      0.24215000      1.62500000
     0.78529227      0.24445000      1.62600000
     0.78534142      0.24675000      1.62700000
     0.78539008      0.24905000      1.62800000
     0.78543829      0.25135000      1.62900000
     0.78548603      0.25365000      1.63000000
     0.78553332      0.25595000      1.63100000
     0.78558016      0.25825000      1.63200000
     0.78562657      0.26055000      1.63300000
     0.78567255      0.26285000      1.63400000
     0.78571812      0.26515000      1.63500000
     0.78576326      0.26745000      1.63600000
     0.78580801      0.26975000      1.63700000
     0.78585235      0.27205000      1.63800000
     0.78589630      0.27435000      1.63900000
     0.78593987      0.27665000      1.64000000
     0.78598306      0.27895000      1.64100000
     0.78602589      0.28125000      1.64200000
     0.78606834      0.28355000      1.64300000
     0.78611044      0.28585000      1.64400000
     0.78615219      0.28815000      1.64500000
     0.78619360      0.29045000      1.64600000
     0.78623467      0.29275000      1.64700000
     0.78627541      0.29505000      1.64800000
     0.78631582      0.29735000      1.64900000
     0.78635591      0.29965000      1.65000000
     0.78639569      0.30195000      1.65100000
     0.78643516      0.30425000      1.65200000
     0.78647434      0.30655000      1.65300000
     0.78651321      0.30885000      1.65400000
     0.78655180      0.31115000      1.65500000
     0.78659010      0.31345000      1.65600000
     0.78662812      0.31575000      1.65700000
     0.78666587      0.31805000      1.65800000
     0.78670336      0.32035000      1.65900000
     0.78673132      0.32275000      1.66000000
     0.78676827      0.32505000      1.66100000
     0.78680497      0.32735000      1.66200000
     0.78684142      0.32965000      1.66300000
     0.78687763      0.33195000      1.66400000
     0.78690429      0.33435000      1.66500000
     0.78694002      0.33665000      1.66600000
     0.78697553      0.33895000      1.66700000
     0.78700147      0.34135000      1.66800000
     0.78703653      0.34365000      1.66900000
     0.78707137      0.34595000      1.67000000
     0.78709663      0.34835000      1.67100000
     0.78713105      0.35065000      1.67200000
     0.78715589      0.35305000      1.67300000
     0.78718991      0.35535000      1.67400000
     0.78722374      0.35765000      1.67500000
     0.78724797      0.36005000      1.67600000
     0.78727201      0.36245000      1.67700000
     0.78730528      0.36475000      1.67800000
     0.78732894      0.36715000      1.67900000
     0.78736186      0.36945000      1.68000000
     0.78738517      0.37185000      1.68100000
     0.78740830      0.37425000      1.68200000
     0.78744072      0.37655000      1.68300000
     0.78746353      0.37895000      1.68400000
     0.78748617      0.38135000      1.68500000
     0.78750865      0.38375000      1.68600000
     0.78753098      0.38615000      1.68700000
     0.78755316      0.38855000      1.68800000
     0.78757520      0.39095000      1.68900000
     0.78759709      0.39335000      1.69000000
     0.78761885      0.39575000      1.69100000
     0.78764047      0.39815000      1.69200000
     0.78766197      0.40055000      1.69300000
     0.78768334      0.40295000      1.69400000
     0.78770459      0.40535000      1.69500000
     0.78772572      0.40775000      1.69600000
     0.78774674      0.41015000      1.69700000
     0.78775810      0.41265000      1.69800000
     0.78777890      0.41505000      1.69900000
     0.78779959      0.41745000      1.70000000
     0.78781063      0.41995000      1.70100000
     0.78783112      0.42235000      1.70200000
     0.78784196      0.42485000      1.70300000
     0.78786227      0.42725000      1.70400000
     0.78787292      0.42975000      1.70500000
     0.78789306      0.43215000      1.70600000
     0.78790354      0.43465000      1.70700000
     0.78791394      0.43715000      1.70800000
     0.78793384      0.43955000      1.70900000
     0.78794409      0.44205000      1.71000000
     0.78795427      0.44455000      1.71100000
     0.78796438      0.44705000      1.71200000
     0.78797443      0.44955000      1.71300000
     0.78798442      0.45205000      1.71400000
     0.78799435      0.45455000      1.71500000
     0.78800423      0.45705000      1.71600000
     0.78801405      0.45955000      1.71700000
     0.78802383      0.46205000      1.71800000
     0.78803357      0.46455000      1.71900000
     0.78803365      0.46715000      1.72000000
     0.78804330      0.46965000      1.72100000
     0.78805292      0.47215000      1.72200000
     0.78805290      0.47475000      1.72300000
     0.78806246      0.47725000      1.72400000
     0.78806237      0.47985000      1.72500000
     0.78807189      0.48235000      1.72600000
     0.78807176      0.48495000      1.72700000
     0.78807161      0.48755000      1.72800000
     0.78807145      0.49015000      1.72900000
     0.78808091      0.49265000      1.73000000
     0.78808073      0.49525000      1.73100000
     0.78808054      0.49785000      1.73200000
     0.78808036      0.50045000      1.73300000
     0.78808018      0.50305000      1.73400000
     0.78808000      0.50565000      1.73500000
     0.78807020      0.50835000      1.73600000
     0.78807004      0.51095000      1.73700000
     0.78806989      0.51355000      1.73800000
     0.78806014      0.51625000      1.73900000
     0.78806002      0.51885000      1.74000000
     0.78805993      0.52145000      1.74100000
     0.78805024      0.52415000      1.74200000
     0.78804059      0.52685000      1.74300000
     0.78804058      0.52945000      1.74400000
     0.78803099      0.53215000      1.74500000
     0.78802143      0.53485000      1.74600000
     0.78801192      0.53755000      1.74700000
     0.78800245      0.54025000      1.74800000
     0.78799303      0.54295000      1.74900000
     0.78798365      0.54565000      1.75000000
     0.78797433      0.54835000      1.75100000
     0.78795546      0.55115000      1.75200000
     0.78794626      0.55385000      1.75300000
     0.78793711      0.55655000      1.75400000
     0.78791843      0.55935000      1.75500000
     0.78790941      0.56205000      1.75600000
     0.78789088      0.56485000      1.75700000
     0.78787241      0.56765000      1.75800000
     0.78785403      0.57045000      1.75900000
     0.78784531      0.57315000      1.76000000
     0.78782709      0.57595000      1.76100000
     0.78780895      0.57875000      1.76200000
     0.78779090      0.58155000      1.76300000
     0.78776338      0.58445000      1.76400000
     0.78774553      0.58725000      1.76500000
     0.78772777      0.59005000      1.76600000
     0.78770055      0.59295000      1.76700000
     0.78768300      0.59575000      1.76800000
     0.78765600      0.59865000      1.76900000
     0.78762911      0.60155000      1.77000000
     0.78761189      0.60435000      1.77100000
     0.78758524      0.60725000      1.77200000
     0.78755871      0.61015000      1.77300000
     0.78753231      0.61305000      1.77400000
     0.78750603      0.61595000      1.77500000
     0.78747037      0.61895000      1.77600000
     0.78744436      0.62185000      1.77700000
     0.78741848      0.62475000      1.77800000
     0.78738324      0.62775000      1.77900000
     0.78734815      0.63075000      1.78000000
     0.78732271      0.63365000      1.78100000
     0.78728792      0.63665000      1.78200000
     0.78725329      0.63965000      1.78300000
     0.78721881      0.64265000      1.78400000
     0.78718450      0.64565000      1.78500000
     0.78715036      0.64865000      1.78600000
     0.78710692      0.65175000      1.78700000
     0.78707311      0.65475000      1.78800000
     0.78703003      0.65785000      1.78900000
     0.78699658      0.66085000      1.79000000
     0.78695386      0.66395000      1.79100000
     0.78691134      0.66705000      1.79200000
     0.78686900      0.67015000      1.79300000
     0.78682687      0.67325000      1.79400000
     0.78678493      0.67635000      1.79500000
     0.78674319      0.67945000      1.79600000
     0.78669226      0.68265000      1.79700000
     0.78665093      0.68575000      1.79800000
     0.78660043      0.68895000      1.79900000
     0.78655014      0.69215000      1.80000000
     0.78650009      0.69535000      1.80100000
     0.78645962      0.69845000      1.80200000
     0.78640066      0.70175000      1.80300000
     0.78635129      0.70495000      1.80400000
     0.78630216      0.70815000      1.80500000
     0.78624393      0.71145000      1.80600000
     0.78619528      0.71465000      1.80700000
     0.78613755      0.71795000      1.80800000
     0.78608008      0.72125000      1.80900000
     0.78602287      0.72455000      1.81000000
     0.78596592      0.72785000      1.81100000
     0.78590924      0.73115000      1.81200000
     0.78584355      0.73455000      1.81300000
     0.78578741      0.73785000      1.81400000
     0.78572229      0.74125000      1.81500000
     0.78565745      0.74465000      1.81600000
     0.78559291      0.74805000      1.81700000
     0.78552866      0.75145000      1.81800000
     0.78546471      0.75485000      1.81900000
     0.78540106      0.75825000      1.82000000
     0.78532850      0.76175000      1.82100000
     0.78526546      0.76515000      1.82200000
     0.78519354      0.76865000      1.82300000
     0.78512194      0.77215000      1.82400000
     0.78505068      0.77565000      1.82500000
     0.78497057      0.77925000      1.82600000
     0.78489998      0.78275000      1.82700000
     0.78482057      0.78635000      1.82800000
     0.78474153      0.78995000      1.82900000
     0.78467196      0.79345000      1.83000000
     0.78458451      0.79715000      1.83100000
     0.78450654      0.80075000      1.83200000
     0.78442894      0.80435000      1.83300000
     0.78434262      0.80805000      1.83400000
     0.78425669      0.81175000      1.83500000
     0.78417116      0.81545000      1.83600000
     0.78408601      0.81915000      1.83700000
     0.78400127      0.82285000      1.83800000
     0.78391692      0.82655000      1.83900000
     0.78382395      0.83035000      1.84000000
     0.78373140      0.83415000      1.84100000
     0.78363929      0.83795000      1.84200000
     0.78354759      0.84175000      1.84300000
     0.78344736      0.84565000      1.84400000
     0.78335654      0.84945000      1.84500000
     0.78325720      0.85335000      1.84600000
     0.78315833      0.85725000      1.84700000
     0.78305991      0.86115000      1.84800000
     0.78295304      0.86515000      1.84900000
     0.78284666      0.86915000      1.85000000
     0.78274967      0.87305000      1.85100000
     0.78264426      0.87705000      1.85200000
     0.78253048      0.88115000      1.85300000
     0.78242607      0.88515000      1.85400000
     0.78231333      0.88925000      1.85500000
     0.78220110      0.89335000      1.85600000
     0.78208941      0.89745000      1.85700000
     0.78196944      0.90165000      1.85800000
     0.78185882      0.90575000      1.85900000
     0.78173995      0.90995000      1.86000000
     0.78162165      0.91415000      1.86100000
     0.78149516      0.91845000      1.86200000
     0.78137800      0.92265000      1.86300000
     0.78125268      0.92695000      1.86400000
     0.78112796      0.93125000      1.86500000
     0.78099514      0.93565000      1.86600000
     0.78087163      0.93995000      1.86700000
     0.78074005      0.94435000      1.86800000
     0.78060045      0.94885000      1.86900000
     0.78047015      0.95325000      1.87000000
     0.78033186      0.95775000      1.87100000
     0.78019424      0.96225000      1.87200000
     0.78005728      0.96675000      1.87300000
     0.77991242      0.97135000      1.87400000
     0.77976825      0.97595000      1.87500000
     0.77962478      0.98055000      1.87600000
     0.77947349      0.98525000      1.87700000
     0.77933144      0.98985000      1.87800000
     0.77917311      0.99465000      1.87900000
     0.77902402      0.99935000      1.88000000
     0.77886721      1.00415000      1.88100000
     0.77871117      1.00895000      1.88200000
     0.77854747      1.01385000      1.88300000
     0.77839300      1.01865000      1.88400000
     0.77822250      1.02365000      1.88500000
     0.77806123      1.02855000      1.88600000
     0.77789240      1.03355000      1.88700000
     0.77772442      1.03855000      1.88800000
     0.77754896      1.04365000      1.88900000
     0.77737438      1.04875000      1.89000000
     0.77719238      1.05395000      1.89100000
     0.77701959      1.05905000      1.89200000
     0.77683115      1.06435000      1.89300000
     0.77665193      1.06955000      1.89400000
     0.77646539      1.07485000      1.89500000
     0.77627162      1.08025000      1.89600000
     0.77607884      1.08565000      1.89700000
     0.77588705      1.09105000      1.89800000
     0.77568812      1.09655000      1.89900000
     0.77549023      1.10205000      1.90000000
     0.77528526      1.10765000      1.90100000
     0.77508137      1.11325000      1.90200000
     0.77487048      1.11895000      1.90300000
     0.77466072      1.12465000      1.90400000
     0.77445207      1.13035000      1.90500000
     0.77422851      1.13625000      1.90600000
     0.77401414      1.14205000      1.90700000
     0.77378499      1.14805000      1.90800000
     0.77356503      1.15395000      1.90900000
     0.77333040      1.16005000      1.91000000
     0.77309706      1.16615000      1.91100000
     0.77286500      1.17225000      1.91200000
     0.77262636      1.17845000      1.91300000
     0.77238119      1.18475000      1.91400000
     0.77212957      1.19115000      1.91500000
     0.77187935      1.19755000      1.91600000
     0.77163056      1.20395000      1.91700000
     0.77137541      1.21045000      1.91800000
     0.77111398      1.21705000      1.91900000
     0.77084634      1.22375000      1.92000000
     0.77057256      1.23055000      1.92100000
     0.77030036      1.23735000      1.92200000
     0.77002211      1.24425000      1.92300000
     0.76974550      1.25115000      1.92400000
     0.76945533      1.25825000      1.92500000
     0.76916689      1.26535000      1.92600000
     0.76887263      1.27255000      1.92700000
     0.76857262      1.27985000      1.92800000
     0.76826694      1.28725000      1.92900000
     0.76795565      1.29475000      1.93000000
     0.76763884      1.30235000      1.93100000
     0.76732400      1.30995000      1.93200000
     0.76699633      1.31775000      1.93300000
     0.76666337      1.32565000      1.93400000
     0.76633252      1.33355000      1.93500000
     0.76598916      1.34165000      1.93600000
     0.76564073      1.34985000      1.93700000
     0.76528731      1.35815000      1.93800000
     0.76492898      1.36655000      1.93900000
     0.76455862      1.37515000      1.94000000
     0.76419074      1.38375000      1.94100000
     0.76381105      1.39255000      1.94200000
     0.76341972      1.40155000      1.94300000
     0.76303108      1.41055000      1.94400000
     0.76262398      1.41985000      1.94500000
     0.76221974      1.42915000      1.94600000
     0.76180437      1.43865000      1.94700000
     0.76137806      1.44835000      1.94800000
     0.76094791      1.45815000      1.94900000
     0.76050023      1.46825000      1.95000000
     0.76005586      1.47835000      1.95100000
     0.75959433      1.48875000      1.95200000
     0.75912272      1.49935000      1.95300000
     0.75864121      1.51015000      1.95400000
     0.75815673      1.52105000      1.95500000
     0.75765598      1.53225000      1.95600000
     0.75713928      1.54375000      1.95700000
     0.75662015      1.55535000      1.95800000
     0.75607897      1.56735000      1.95900000
     0.75553577      1.57945000      1.96000000
     0.75497114      1.59195000      1.96100000
     0.75439200      1.60475000      1.96200000
     0.75380508      1.61775000      1.96300000
     0.75319783      1.63115000      1.96400000
     0.75257707      1.64485000      1.96500000
     0.75193682      1.65895000      1.96600000
     0.75127757      1.67345000      1.96700000
     0.75059359      1.68845000      1.96800000
     0.74989781      1.70375000      1.96900000
     0.74917226      1.71965000      1.97000000
     0.74842377      1.73605000      1.97100000
     0.74764097      1.75315000      1.97200000
     0.74683077      1.77085000      1.97300000
     0.74598809      1.78925000      1.97400000
     0.74510220      1.80855000      1.97500000
     0.74417445      1.82875000      1.97600000
     0.74318898      1.85015000      1.97700000
     0.74214773      1.87275000      1.97800000
     0.74103587      1.89685000      1.97900000
     0.99949239      0.00825000      2.00100000
     0.99897039      0.01415000      2.00200000
     0.99845809      0.01935000      2.00300000
     0.99792159      0.02435000      2.00400000
     0.99739392      0.02905000      2.00500000
     0.99685280      0.03365000      2.00600000
     0.99630432      0.03815000      2.00700000
     0.99575319      0.04255000      2.00800000
     0.99520312      0.04685000      2.00900000
     0.99465713      0.05105000      2.01000000
     0.99407888      0.05535000      2.01100000
     0.99352789      0.05945000      2.01200000
     0.99294708      0.06365000      2.01300000
     0.99237696      0.06775000      2.01400000
     0.99179868      0.07185000      2.01500000
     0.99121300      0.07595000      2.01600000
     0.99062057      0.08005000      2.01700000
     0.99002200      0.08415000      2.01800000
     0.98943874      0.08815000      2.01900000
     0.98882960      0.09225000      2.02000000
     0.75400692      1.89625000      2.02000000
     0.98821583      0.09635000      2.02100000
     0.75592957      1.86885000      2.02100000
     0.98759784      0.10045000      2.02200000
     0.75778150      1.84305000      2.02200000
     0.98697601      0.10455000      2.02300000
     0.75957122      1.81865000      2.02300000
     0.98637211      0.10855000      2.02400000
     0.76130161      1.79555000      2.02400000
     0.98572230      0.11275000      2.02500000
     0.76298913      1.77345000      2.02500000
     0.98509105      0.11685000      2.02600000
     0.76463140      1.75235000      2.02600000
     0.98445727      0.12095000      2.02700000
     0.76624630      1.73195000      2.02700000
     0.98382122      0.12505000      2.02800000
     0.76782551      1.71235000      2.02800000
     0.98316148      0.12925000      2.02900000
     0.76938105      1.69335000      2.02900000
     0.98249988      0.13345000      2.03000000
     0.77091870      1.67485000      2.03000000
     0.98183665      0.13765000      2.03100000
     0.77243745      1.65685000      2.03100000
     0.98117202      0.14185000      2.03200000
     0.77393631      1.63935000      2.03200000
     0.98050620      0.14605000      2.03300000
     0.77542154      1.62225000      2.03300000
     0.97981754      0.15035000      2.03400000
     0.77689237      1.60555000      2.03400000
     0.97912803      0.15465000      2.03500000
     0.77835549      1.58915000      2.03500000
     0.97843785      0.15895000      2.03600000
     0.77980286      1.57315000      2.03600000
     0.97772531      0.16335000      2.03700000
     0.78124892      1.55735000      2.03700000
     0.97701243      0.16775000      2.03800000
     0.78267799      1.54195000      2.03800000
     0.97629939      0.17215000      2.03900000
     0.78410486      1.52675000      2.03900000
     0.97558633      0.17655000      2.04000000
     0.78552923      1.51175000      2.04000000
     0.97485152      0.18105000      2.04100000
     0.78695080      1.49695000      2.04100000
     0.97411701      0.18555000      2.04200000
     0.78836124      1.48245000      2.04200000
     0.97336106      0.19015000      2.04300000
     0.78976810      1.46815000      2.04300000
     0.97260571      0.19475000      2.04400000
     0.79117928      1.45395000      2.04400000
     0.97182925      0.19945000      2.04500000
     0.79257811      1.44005000      2.04500000
     0.97105369      0.20415000      2.04600000
     0.79398080      1.42625000      2.04600000
     0.97027915      0.20885000      2.04700000
     0.79538726      1.41255000      2.04700000
     0.96948399      0.21365000      2.04800000
     0.79678885      1.39905000      2.04800000
     0.96869015      0.21845000      2.04900000
     0.79819389      1.38565000      2.04900000
     0.96787604      0.22335000      2.05000000
     0.79960229      1.37235000      2.05000000
     0.96704186      0.22835000      2.05100000
     0.80100512      1.35925000      2.05100000
     0.96620948      0.23335000      2.05200000
     0.80241988      1.34615000      2.05200000
     0.96537898      0.23835000      2.05300000
     0.80383774      1.33315000      2.05300000
     0.96450740      0.24355000      2.05400000
     0.80524946      1.32035000      2.05400000
     0.96363808      0.24875000      2.05500000
     0.80667310      1.30755000      2.05500000
     0.96277114      0.25395000      2.05600000
     0.80810882      1.29475000      2.05600000
     0.96186386      0.25935000      2.05700000
     0.80953800      1.28215000      2.05700000
     0.96095935      0.26475000      2.05800000
     0.81098874      1.26945000      2.05800000
     0.96003641      0.27025000      2.05900000
     0.81243270      1.25695000      2.05900000
     0.95909529      0.27585000      2.06000000
     0.81389857      1.24435000      2.06000000
     0.95813628      0.28155000      2.06100000
     0.81536722      1.23185000      2.06100000
     0.95715964      0.28735000      2.06200000
     0.81684842      1.21935000      2.06200000
     0.95618670      0.29315000      2.06300000
     0.81834235      1.20685000      2.06300000
     0.95517560      0.29915000      2.06400000
     0.81984919      1.19435000      2.06400000
     0.95414773      0.30525000      2.06500000
     0.82136912      1.18185000      2.06500000
     0.95310341      0.31145000      2.06600000
     0.82290231      1.16935000      2.06600000
     0.95202217      0.31785000      2.06700000
     0.82444895      1.15685000      2.06700000
     0.95094595      0.32425000      2.06800000
     0.82601977      1.14425000      2.06800000
     0.94981301      0.33095000      2.06900000
     0.82761528      1.13155000      2.06900000
     0.94868573      0.33765000      2.07000000
     0.82922525      1.11885000      2.07000000
     0.94750294      0.34465000      2.07100000
     0.83086076      1.10605000      2.07100000
     0.94630617      0.35175000      2.07200000
     0.83251136      1.09325000      2.07200000
     0.94507556      0.35905000      2.07300000
     0.83419952      1.08025000      2.07300000
     0.94381176      0.36655000      2.07400000
     0.83591492      1.06715000      2.07400000
     0.94251546      0.37425000      2.07500000
     0.83766954      1.05385000      2.07500000
     0.94116745      0.38225000      2.07600000
     0.83945288      1.04045000      2.07600000
     0.93976878      0.39055000      2.07700000
     0.84128886      1.02675000      2.07700000
     0.93834025      0.39905000      2.07800000
     0.84315540      1.01295000      2.07800000
     0.93684352      0.40795000      2.07900000
     0.84507703      0.99885000      2.07900000
     0.93529958      0.41715000      2.08000000
     0.84705533      0.98445000      2.08000000
     0.93367107      0.42685000      2.08100000
     0.84910419      0.96965000      2.08100000
     0.93197928      0.43695000      2.08200000
     0.85122580      0.95445000      2.08200000
     0.93018799      0.44765000      2.08300000
     0.85342248      0.93885000      2.08300000
     0.92831886      0.45885000      2.08400000
     0.85572211      0.92265000      2.08400000
     0.92629966      0.47095000      2.08500000
     0.85814127      0.90575000      2.08500000
     0.92415361      0.48385000      2.08600000
     0.86069755      0.88805000      2.08600000
     0.92181208      0.49795000      2.08700000
     0.86343638      0.86925000      2.08700000
     0.91924626      0.51345000      2.08800000
     0.86640633      0.84905000      2.08800000
     0.91635862      0.53095000      2.08900000
     0.86968742      0.82695000      2.08900000
     0.91302397      0.55125000      2.09000000
     0.87342310      0.80205000      2.09000000
     0.90890585      0.57645000      2.09100000
     0.87794511      0.77225000      2.09100000
     0.90300483      0.61285000      2.09200000
     0.88424094      0.73135000      2.09200000
