0.5075162507 0.0010000000  
0.5076142277 0.0020000000  
0.5083999549 0.0030000000  
0.5123371235 0.0040000000  
0.5128034014 0.0050000000  
0.5133755119 0.0060000000  
0.5164664294 0.0070000000  
0.5177692884 0.0080000000  
0.5193487159 0.0090000000  
0.5214166232 0.0100000000  
0.5229033664 0.0110000000  
0.5248386088 0.0120000000  
0.5264665702 0.0130000000  
0.5283390920 0.0140000000  
0.5283426653 0.0150000000  
0.5299495508 0.0160000000  
0.5318702059 0.0170000000  
0.5309089247 0.0180000000  
0.5328200418 0.0190000000  
0.5324993043 0.0200000000  
0.5344151998 0.0210000000  
0.5344130725 0.0220000000  
0.5344107830 0.0230000000  
0.5344083597 0.0240000000  
0.5353657795 0.0250000000  
0.5353629602 0.0260000000  
0.5459376110 0.0270000000  
0.5478617969 0.0280000000  
0.5494657750 0.0290000000  
0.5484966004 0.0300000000  
0.5494571178 0.0310000000  
0.5494526439 0.0320000000  
0.5504131603 0.0330000000  
0.5523397632 0.0340000000  
0.5513689088 0.0350000000  
0.5503986214 0.0360000000  
0.5520024557 0.0370000000  
0.5513535459 0.0380000000  
0.5529575715 0.0390000000  
0.5519863671 0.0400000000  
0.5519808313 0.0410000000  
0.5529406534 0.0420000000  
0.5529348427 0.0430000000  
0.5648768921 0.0440000000  
0.5638976704 0.0450000000  
0.5648620840 0.0460000000  
0.5638828937 0.0470000000  
0.5654949021 0.0480000000  
0.5648391356 0.0490000000  
0.5654791564 0.0500000000  
0.5644995734 0.0510000000  
0.5664350976 0.0520000000  
0.5654548328 0.0530000000  
0.5644753473 0.0540000000  
0.5664098478 0.0550000000  
0.5654296922 0.0560000000  
0.5654211358 0.0570000000  
0.5663837896 0.0580000000  
0.5663749290 0.0590000000  
0.5774174139 0.0600000000  
0.5754503184 0.0610000000  
0.5773961586 0.0620000000  
0.5764070383 0.0630000000  
0.5773745176 0.0640000000  
0.5763854926 0.0650000000  
0.5763745814 0.0660000000  
0.5770153460 0.0670000000  
0.5760267763 0.0680000000  
0.5760156453 0.0690000000  
0.5769815112 0.0700000000  
0.5759931225 0.0710000000  
0.5759817328 0.0720000000  
0.5769468901 0.0730000000  
0.5759587014 0.0740000000  
0.5873858271 0.0750000000  
0.5863876322 0.0760000000  
0.5768995513 0.0770000000  
0.5860326514 0.0780000000  
0.5850360077 0.0790000000  
0.5840404331 0.0800000000  
0.5859915481 0.0810000000  
0.5849951323 0.0820000000  
0.5859637111 0.0830000000  
0.5849674571 0.0840000000  
0.5849534948 0.0850000000  
0.5839584092 0.0860000000  
0.5849253252 0.0870000000  
0.5849111197 0.0880000000  
0.5839163037 0.0890000000  
0.5944037477 0.0900000000  
0.5845412102 0.0910000000  
0.5940417907 0.0920000000  
0.5930375292 0.0930000000  
0.5920344684 0.0940000000  
0.5939928112 0.0950000000  
0.5929888421 0.0960000000  
0.5919860803 0.0970000000  
0.5919697929 0.0980000000  
0.5929394336 0.0990000000  
0.5919369861 0.1000000000  
0.5919204682 0.1010000000  
0.5925607405 0.1020000000  
0.5915589888 0.1030000000  
0.5915423099 0.1040000000  
0.6004208537 0.1050000000  
0.6000715115 0.1060000000  
0.5914918400 0.1070000000  
0.6000343273 0.1080000000  
0.5990244668 0.1090000000  
0.5990058793 0.1100000000  
0.5979974527 0.1110000000  
0.5989684826 0.1120000000  
0.5989496748 0.1130000000  
0.5979416221 0.1140000000  
0.5985820762 0.1150000000  
0.5975746750 0.1160000000  
0.5975558506 0.1170000000  
0.5975369580 0.1180000000  
0.6061130869 0.1190000000  
0.5974989710 0.1200000000  
0.5974798779 0.1210000000  
0.6050553548 0.1220000000  
0.6050345526 0.1230000000  
0.6040200422 0.1240000000  
0.6039993110 0.1250000000  
0.6039785124 0.1260000000  
0.6036268796 0.1270000000  
0.6026146255 0.1280000000  
0.6025939104 0.1290000000  
0.6035641021 0.1300000000  
0.6025522893 0.1310000000  
0.6025313846 0.1320000000  
0.6015211218 0.1330000000  
0.6101077313 0.1340000000  
0.6090878415 0.1350000000  
0.6021174864 0.1360000000  
0.6011082530 0.1370000000  
0.6090198678 0.1380000000  
0.6086652474 0.1390000000  
0.6076479279 0.1400000000  
0.6076253170 0.1410000000  
0.6085967517 0.1420000000  
0.6075799167 0.1430000000  
0.6075571285 0.1440000000  
0.6065419453 0.1450000000  
0.6065192651 0.1460000000  
0.6071576671 0.1470000000  
0.6061434230 0.1480000000  
0.6061206505 0.1490000000  
0.6051080500 0.1500000000  
0.6127001333 0.1510000000  
0.6126756785 0.1520000000  
0.6116546369 0.1530000000  
0.6116303010 0.1540000000  
0.6116059105 0.1550000000  
0.6115814658 0.1560000000  
0.6115569675 0.1570000000  
0.6102070418 0.1580000000  
0.6101827480 0.1590000000  
0.6181382375 0.1600000000  
0.6101340067 0.1610000000  
0.6101095602 0.1620000000  
0.6090935194 0.1630000000  
0.6087390194 0.1640000000  
0.6156737258 0.1650000000  
0.6156477385 0.1660000000  
0.6146245296 0.1670000000  
0.6142666364 0.1680000000  
0.6132457112 0.1690000000  
0.6132200852 0.1700000000  
0.6141890400 0.1710000000  
0.6131686912 0.1720000000  
0.6131429241 0.1730000000  
0.6131171109 0.1740000000  
0.6117681796 0.1750000000  
0.6197108772 0.1760000000  
0.6186832449 0.1770000000  
0.6186558664 0.1780000000  
0.6116655868 0.1790000000  
0.6116398302 0.1800000000  
0.6102949317 0.1810000000  
0.6172160735 0.1820000000  
0.6171887997 0.1830000000  
0.6161660400 0.1840000000  
0.6158074653 0.1850000000  
0.6147870526 0.1860000000  
0.6147601872 0.1870000000  
0.6147332809 0.1880000000  
0.6213467314 0.1890000000  
0.6143488289 0.1900000000  
0.6143218857 0.1910000000  
0.6133046279 0.1920000000  
0.6132778558 0.1930000000  
0.6132510457 0.1940000000  
0.6122358325 0.1950000000  
0.6188190004 0.1960000000  
0.6187906525 0.1970000000  
0.6177678867 0.1980000000  
0.6177397168 0.1990000000  
0.6163882513 0.2000000000  
0.6163603461 0.2010000000  
0.6163324049 0.2020000000  
0.6153141529 0.2030000000  
0.6219096846 0.2040000000  
0.6218801836 0.2050000000  
0.6208541341 0.2060000000  
0.6148734268 0.2070000000  
0.6148456176 0.2080000000  
0.6138306049 0.2090000000  
0.6138029847 0.2100000000  
0.6134467051 0.2110000000  
0.6124342498 0.2120000000  
0.6193239186 0.2130000000  
0.6179729766 0.2140000000  
0.6179440850 0.2150000000  
0.6179151619 0.2160000000  
0.6168971110 0.2170000000  
0.6168683850 0.2180000000  
0.6168396288 0.2190000000  
0.6154949575 0.2200000000  
0.6154664871 0.2210000000  
0.6154379878 0.2220000000  
0.6144247074 0.2230000000  
0.6199910854 0.2240000000  
0.6199612818 0.2250000000  
0.6199314493 0.2260000000  
0.6189122385 0.2270000000  
0.6185531919 0.2280000000  
0.6185236261 0.2290000000  
0.6175071124 0.2300000000  
0.6174777554 0.2310000000  
0.6174483719 0.2320000000  
0.6164340410 0.2330000000  
0.6160769152 0.2340000000  
0.6160478047 0.2350000000  
0.6160186692 0.2360000000  
0.6150072276 0.2370000000  
0.6149783056 0.2380000000  
0.6149493597 0.2390000000  
0.6136135539 0.2400000000  
0.6135849107 0.2410000000  
0.6135562446 0.2420000000  
0.6135275558 0.2430000000  
0.6236720027 0.2440000000  
0.6226504841 0.2450000000  
0.6226192430 0.2460000000  
0.6215997700 0.2470000000  
0.6215687526 0.2480000000  
0.6212087716 0.2490000000  
0.6201920832 0.2500000000  
0.6201613584 0.2510000000  
0.6201306120 0.2520000000  
0.6200998443 0.2530000000  
0.6190856596 0.2540000000  
0.6187276837 0.2550000000  
0.6186972128 0.2560000000  
0.6176857639 0.2570000000  
0.6176555219 0.2580000000  
0.6222110900 0.2590000000  
0.6211948610 0.2600000000  
0.6211635709 0.2610000000  
0.6211322617 0.2620000000  
0.6197910543 0.2630000000  
0.6197600694 0.2640000000  
0.6197290662 0.2650000000  
0.6141597073 0.2660000000  
0.6138056757 0.2670000000  
0.6128037100 0.2680000000  
0.6127745189 0.2690000000  
0.6127453115 0.2700000000  
0.6162847093 0.2710000000  
0.6162544870 0.2720000000  
0.6162242487 0.2730000000  
0.6152199952 0.2740000000  
0.6148656777 0.2750000000  
0.6148357518 0.2760000000  
0.6148058109 0.2770000000  
0.6138044811 0.2780000000  
0.6183166071 0.2790000000  
0.6173104863 0.2800000000  
0.6172797659 0.2810000000  
0.6169244303 0.2820000000  
0.6168937720 0.2830000000  
0.6113677011 0.2840000000  
0.6113385429 0.2850000000  
0.6148590275 0.2860000000  
0.6148288572 0.2870000000  
0.6138296120 0.2880000000  
0.6137996863 0.2890000000  
0.6134471617 0.2900000000  
0.6134173013 0.2910000000  
0.6169409411 0.2920000000  
0.6169100621 0.2930000000  
0.6159090259 0.2940000000  
0.6113675476 0.2950000000  
0.6110169914 0.2960000000  
0.6145264762 0.2970000000  
0.6144961744 0.2980000000  
0.6134997768 0.2990000000  
0.6134697246 0.3000000000  
0.6169856215 0.3010000000  
0.6166316352 0.3020000000  
0.6114528850 0.3030000000  
0.6111027514 0.3040000000  
0.6110732795 0.3050000000  
0.6110437981 0.3060000000  
0.6145445480 0.3070000000  
0.6145140547 0.3080000000  
0.6090370483 0.3090000000  
0.6090080691 0.3100000000  
0.6121767973 0.3110000000  
0.6121469022 0.3120000000  
0.6111569497 0.3130000000  
0.6156158681 0.3140000000  
0.6101392478 0.3150000000  
0.6101098608 0.3160000000  
0.6100804662 0.3170000000  
0.6097321044 0.3180000000  
0.6122571303 0.3190000000  
0.6080813421 0.3200000000  
0.6077344765 0.3210000000  
0.6077056738 0.3220000000  
0.6111791875 0.3230000000  
0.6101930412 0.3240000000  
0.6057159197 0.3250000000  
0.6091792331 0.3260000000  
0.6091499499 0.3270000000  
0.6088028380 0.3280000000  
0.6046536674 0.3290000000  
0.6077921983 0.3300000000  
0.6068123440 0.3310000000  
0.6102744828 0.3320000000  
0.6058056343 0.3330000000  
0.6057772078 0.3340000000  
0.6057487762 0.3350000000  
0.6079351869 0.3360000000  
0.6047446537 0.3370000000  
0.6037705039 0.3380000000  
0.6068988666 0.3390000000  
0.6068700540 0.3400000000  
0.6027425651 0.3410000000  
0.6058651528 0.3420000000  
0.6048906204 0.3430000000  
0.6039176258 0.3440000000  
0.6038895969 0.3450000000  
0.6038615643 0.3460000000  
0.6028906203 0.3470000000  
0.6028628476 0.3480000000  
0.6050354885 0.3490000000  
0.6018661632 0.3500000000  
0.6018386471 0.3510000000  
0.6040073762 0.3520000000  
0.5999058281 0.3530000000  
0.6030097173 0.3540000000  
0.6029818351 0.3550000000  
0.5988881613 0.3560000000  
0.6019864742 0.3570000000  
0.6041521266 0.3580000000  
0.6009931350 0.3590000000  
0.6000289013 0.3600000000  
0.6031275504 0.3610000000  
0.5990393017 0.3620000000  
0.6021332618 0.3630000000  
0.5980516814 0.3640000000  
0.6011409987 0.3650000000  
0.5970660266 0.3660000000  
0.5995277163 0.3670000000  
0.5991894245 0.3680000000  
0.5960562683 0.3690000000  
0.5982028892 0.3700000000  
0.5975551257 0.3710000000  
0.5972183227 0.3720000000  
0.5996765094 0.3730000000  
0.5962357109 0.3740000000  
0.5986903186 0.3750000000  
0.5952550402 0.3760000000  
0.5977061043 0.3770000000  
0.5942762968 0.3780000000  
0.5967238526 0.3790000000  
0.5932994672 0.3800000000  
0.5957435495 0.3810000000  
0.5947909811 0.3820000000  
0.5947651812 0.3830000000  
0.5938142721 0.3840000000  
0.5962569370 0.3850000000  
0.5928394710 0.3860000000  
0.5949702848 0.3870000000  
0.5918665645 0.3880000000  
0.5909202932 0.3890000000  
0.5933533954 0.3900000000  
0.5902574210 0.3910000000  
0.5923806245 0.3920000000  
0.5892894150 0.3930000000  
0.5892650960 0.3940000000  
0.5913848187 0.3950000000  
0.5882991969 0.3960000000  
0.5904160734 0.3970000000  
0.5894735902 0.3980000000  
0.5863964241 0.3990000000  
0.5885082943 0.4000000000  
0.5875687140 0.4010000000  
0.5899870974 0.4020000000  
0.5869114434 0.4030000000  
0.5859743748 0.4040000000  
0.5859509285 0.4050000000  
0.5874493306 0.4060000000  
0.5849922158 0.4070000000  
0.5840582195 0.4080000000  
0.5864651256 0.4090000000  
0.5855299520 0.4100000000  
0.5845960560 0.4110000000  
0.5815440405 0.4120000000  
0.5836405920 0.4130000000  
0.5830121547 0.4140000000  
0.5799671581 0.4150000000  
0.5790404384 0.4160000000  
0.5760083066 0.4170000000  
0.5759875966 0.4180000000  
0.5753660009 0.4190000000  
0.5738449277 0.4200000000  
0.5714282932 0.4210000000  
0.5708105716 0.4220000000  
0.5678047531 0.4230000000  
0.5671899444 0.4240000000  
0.5653845922 0.4250000000  
0.5626910805 0.4260000000  
0.5617834456 0.4270000000  
0.5602838907 0.4280000000  
0.5576027893 0.4290000000  
0.5561090371 0.4300000000  
0.5534371852 0.4310000000  
0.5519489257 0.4320000000  
0.5498741324 0.4330000000  
0.5469214140 0.4340000000  
0.5448543834 0.4350000000  
0.5422046140 0.4360000000  
0.5395593814 0.4370000000  
0.5366264043 0.4380000000  
0.5334066663 0.4390000000  
0.5299010703 0.4400000000  
0.5258195997 0.4410000000  
0.5211640559 0.4420000000  
0.5153558347 0.4430000000  
0.5014476802 0.4440000000  
