0.5000000471 0.0010000000  
0.5000000543 0.0020000000  
0.5000000691 0.0030000000  
0.5000000808 0.0040000000  
0.5000001021 0.0050000000  
0.5000001204 0.0060000000  
0.5000001507 0.0070000000  
0.5000001871 0.0080000000  
0.5000002304 0.0090000000  
0.5000002812 0.0100000000  
0.5000003404 0.0110000000  
0.5000004089 0.0120000000  
0.5000004873 0.0130000000  
0.5000005765 0.0140000000  
0.5000006373 0.0150000000  
0.5000007464 0.0160000000  
0.5000008685 0.0170000000  
0.5000009246 0.0180000000  
0.5000010675 0.0190000000  
0.5000011622 0.0200000000  
0.5000013303 0.0210000000  
0.5000014404 0.0220000000  
0.5000015556 0.0230000000  
0.5000016759 0.0240000000  
0.5000018479 0.0250000000  
0.5000019819 0.0260000000  
0.5000027640 0.0270000000  
0.5000030673 0.0280000000  
0.5000033929 0.0290000000  
0.5000035453 0.0300000000  
0.5000038359 0.0310000000  
0.5000040686 0.0320000000  
0.5000043866 0.0330000000  
0.5000048038 0.0340000000  
0.5000049853 0.0350000000  
0.5000051652 0.0360000000  
0.5000056336 0.0370000000  
0.5000058238 0.0380000000  
0.5000063331 0.0390000000  
0.5000065338 0.0400000000  
0.5000068495 0.0410000000  
0.5000072966 0.0420000000  
0.5000076338 0.0430000000  
0.5000097453 0.0440000000  
0.5000100340 0.0450000000  
0.5000106177 0.0460000000  
0.5000109134 0.0470000000  
0.5000116911 0.0480000000  
0.5000119997 0.0490000000  
0.5000126550 0.0500000000  
0.5000129699 0.0510000000  
0.5000138480 0.0520000000  
0.5000141755 0.0530000000  
0.5000144987 0.0540000000  
0.5000154500 0.0550000000  
0.5000157855 0.0560000000  
0.5000163420 0.0570000000  
0.5000171428 0.0580000000  
0.5000177273 0.0590000000  
0.5000213471 0.0600000000  
0.5000215280 0.0610000000  
0.5000227682 0.0620000000  
0.5000232173 0.0630000000  
0.5000242365 0.0640000000  
0.5000246915 0.0650000000  
0.5000254462 0.0660000000  
0.5000265278 0.0670000000  
0.5000269906 0.0680000000  
0.5000277804 0.0690000000  
0.5000289257 0.0700000000  
0.5000293952 0.0710000000  
0.5000302203 0.0720000000  
0.5000314306 0.0730000000  
0.5000319056 0.0740000000  
0.5000375263 0.0750000000  
0.5000381151 0.0760000000  
0.5000349371 0.0770000000  
0.5000401316 0.0780000000  
0.5000407177 0.0790000000  
0.5000412954 0.0800000000  
0.5000432569 0.0810000000  
0.5000438492 0.0820000000  
0.5000454076 0.0830000000  
0.5000460034 0.0840000000  
0.5000471004 0.0850000000  
0.5000476877 0.0860000000  
0.5000493344 0.0870000000  
0.5000504715 0.0880000000  
0.5000510619 0.0890000000  
0.5000585546 0.0900000000  
0.5000539629 0.0910000000  
0.5000611812 0.0920000000  
0.5000618971 0.0930000000  
0.5000626020 0.0940000000  
0.5000652329 0.0950000000  
0.5000659529 0.0960000000  
0.5000666611 0.0970000000  
0.5000680434 0.0980000000  
0.5000701418 0.0990000000  
0.5000708522 0.1000000000  
0.5000722786 0.1010000000  
0.5000744644 0.1020000000  
0.5000751757 0.1030000000  
0.5000766464 0.1040000000  
0.5000852757 0.1050000000  
0.5000869132 0.1060000000  
0.5000811471 0.1070000000  
0.5000902367 0.1080000000  
0.5000910620 0.1090000000  
0.5000927483 0.1100000000  
0.5000935592 0.1110000000  
0.5000961692 0.1120000000  
0.5000979038 0.1130000000  
0.5000987140 0.1140000000  
0.5001014216 0.1150000000  
0.5001022306 0.1160000000  
0.5001040130 0.1170000000  
0.5001058114 0.1180000000  
0.5001169130 0.1190000000  
0.5001094566 0.1200000000  
0.5001113034 0.1210000000  
0.5001218399 0.1220000000  
0.5001238631 0.1230000000  
0.5001247773 0.1240000000  
0.5001268170 0.1250000000  
0.5001288741 0.1260000000  
0.5001309485 0.1270000000  
0.5001347941 0.1280000000  
0.5001369315 0.1290000000  
0.5001403527 0.1300000000  
0.5001412594 0.1310000000  
0.5001434500 0.1320000000  
0.5001443345 0.1330000000  
0.5001587155 0.1340000000  
0.5001597413 0.1350000000  
0.5001523898 0.1360000000  
0.5001532637 0.1370000000  
0.5001670181 0.1380000000  
0.5001694818 0.1390000000  
0.5001704788 0.1400000000  
0.5001729590 0.1410000000  
0.5001769875 0.1420000000  
0.5001779765 0.1430000000  
0.5001805138 0.1440000000  
0.5001814772 0.1450000000  
0.5001840302 0.1460000000  
0.5001882402 0.1470000000  
0.5001891931 0.1480000000  
0.5001918031 0.1490000000  
0.5001927282 0.1500000000  
0.5002092528 0.1510000000  
0.5002120849 0.1520000000  
0.5002131419 0.1530000000  
0.5002159907 0.1540000000  
0.5002188597 0.1550000000  
0.5002217490 0.1560000000  
0.5002246586 0.1570000000  
0.5002256746 0.1580000000  
0.5002286000 0.1590000000  
0.5002473543 0.1600000000  
0.5002345117 0.1610000000  
0.5002374979 0.1620000000  
0.5002384682 0.1630000000  
0.5002414695 0.1640000000  
0.5002591831 0.1650000000  
0.5002624079 0.1660000000  
0.5002634913 0.1670000000  
0.5002667326 0.1680000000  
0.5002677830 0.1690000000  
0.5002710402 0.1700000000  
0.5002765851 0.1710000000  
0.5002776187 0.1720000000  
0.5002809401 0.1730000000  
0.5002842829 0.1740000000  
0.5002852749 0.1750000000  
0.5003079584 0.1760000000  
0.5003091043 0.1770000000  
0.5003127044 0.1780000000  
0.5002988350 0.1790000000  
0.5003022787 0.1800000000  
0.5003032058 0.1810000000  
0.5003247322 0.1820000000  
0.5003284168 0.1830000000  
0.5003294697 0.1840000000  
0.5003331702 0.1850000000  
0.5003341839 0.1860000000  
0.5003378995 0.1870000000  
0.5003494296 0.1880000000  
0.5003734607 0.1890000000  
0.5003571489 0.1900000000  
0.5003610434 0.1910000000  
0.5003620050 0.1920000000  
0.5003659143 0.1930000000  
0.5003698468 0.1940000000  
0.5003707555 0.1950000000  
0.5003963816 0.1960000000  
0.5004005816 0.1970000000  
0.5004016251 0.1980000000  
0.5004058409 0.1990000000  
0.5004068394 0.2000000000  
0.5004110705 0.2010000000  
0.5004153260 0.2020000000  
0.5004162687 0.2030000000  
0.5004442782 0.2040000000  
0.5004488157 0.2050000000  
0.5004498979 0.2060000000  
0.5004334964 0.2070000000  
0.5004378646 0.2080000000  
0.5004387180 0.2090000000  
0.5004431000 0.2100000000  
0.5004475066 0.2110000000  
0.5004482984 0.2120000000  
0.5004785935 0.2130000000  
0.5004795379 0.2140000000  
0.5004842260 0.2150000000  
0.5004889399 0.2160000000  
0.5004898218 0.2170000000  
0.5004945502 0.2180000000  
0.5004993045 0.2190000000  
0.5005001218 0.2200000000  
0.5005048900 0.2210000000  
0.5005096839 0.2220000000  
0.5005104346 0.2230000000  
0.5005400074 0.2240000000  
0.5005450733 0.2250000000  
0.5005501662 0.2260000000  
0.5005510208 0.2270000000  
0.5005561285 0.2280000000  
0.5005612633 0.2290000000  
0.5005750528 0.2300000000  
0.5005803235 0.2310000000  
0.5005856219 0.2320000000  
0.5005863510 0.2330000000  
0.5005916634 0.2340000000  
0.5005970035 0.2350000000  
0.5006023714 0.2360000000  
0.5006030113 0.2370000000  
0.5006083925 0.2380000000  
0.5006138015 0.2390000000  
0.5006143637 0.2400000000  
0.5006197855 0.2410000000  
0.5006252350 0.2420000000  
0.5006307124 0.2430000000  
0.5006923155 0.2440000000  
0.5006931408 0.2450000000  
0.5006991489 0.2460000000  
0.5006999106 0.2470000000  
0.5007059342 0.2480000000  
0.5007119881 0.2490000000  
0.5007126696 0.2500000000  
0.5007187384 0.2510000000  
0.5007248377 0.2520000000  
0.5007309674 0.2530000000  
0.5007315504 0.2540000000  
0.5007376944 0.2550000000  
0.5007438689 0.2560000000  
0.5007443667 0.2570000000  
0.5007505549 0.2580000000  
0.5007859080 0.2590000000  
0.5007864989 0.2600000000  
0.5007929728 0.2610000000  
0.5007994784 0.2620000000  
0.5007999820 0.2630000000  
0.5008254277 0.2640000000  
0.5008321378 0.2650000000  
0.5008011482 0.2660000000  
0.5008076180 0.2670000000  
0.5008077744 0.2680000000  
0.5008142561 0.2690000000  
0.5008207691 0.2700000000  
0.5008533895 0.2710000000  
0.5008601735 0.2720000000  
0.5008669901 0.2730000000  
0.5008671431 0.2740000000  
0.5008739724 0.2750000000  
0.5008808344 0.2760000000  
0.5008877291 0.2770000000  
0.5008877614 0.2780000000  
0.5009295595 0.2790000000  
0.5009297085 0.2800000000  
0.5009368992 0.2810000000  
0.5009441239 0.2820000000  
0.5009513827 0.2830000000  
0.5009152959 0.2840000000  
0.5009222906 0.2850000000  
0.5009586218 0.2860000000  
0.5009659060 0.2870000000  
0.5009657632 0.2880000000  
0.5009730592 0.2890000000  
0.5009803893 0.2900000000  
0.5009877536 0.2910000000  
0.5010503705 0.2920000000  
0.5010582239 0.2930000000  
0.5010580637 0.2940000000  
0.5010256374 0.2950000000  
0.5010332405 0.2960000000  
0.5010735597 0.2970000000  
0.5010814756 0.2980000000  
0.5010811103 0.2990000000  
0.5010890383 0.3000000000  
0.5011308746 0.3010000000  
0.5011391242 0.3020000000  
0.5010959678 0.3030000000  
0.5011039186 0.3040000000  
0.5011119059 0.3050000000  
0.5011199299 0.3060000000  
0.5011632179 0.3070000000  
0.5011715697 0.3080000000  
0.5011264675 0.3090000000  
0.5011345120 0.3100000000  
0.5011786908 0.3110000000  
0.5011870665 0.3120000000  
0.5011862978 0.3130000000  
0.5012411230 0.3140000000  
0.5011938160 0.3150000000  
0.5012310490 0.3160000000  
0.5012396959 0.3170000000  
0.5012483820 0.3180000000  
0.5012865676 0.3190000000  
0.5012462006 0.3200000000  
0.5012548679 0.3210000000  
0.5012635744 0.3220000000  
0.5013125797 0.3230000000  
0.5013114773 0.3240000000  
0.5012696501 0.3250000000  
0.5013193025 0.3260000000  
0.5013283486 0.3270000000  
0.5013374354 0.3280000000  
0.5012943954 0.3290000000  
0.5013451825 0.3300000000  
0.5013437214 0.3310000000  
0.5013956498 0.3320000000  
0.5013512545 0.3330000000  
0.5013603702 0.3340000000  
0.5013695266 0.3350000000  
0.5014458648 0.3360000000  
0.5014103428 0.3370000000  
0.5014084617 0.3380000000  
0.5014636047 0.3390000000  
0.5014733602 0.3400000000  
0.5014252819 0.3410000000  
0.5014812998 0.3420000000  
0.5014793536 0.3430000000  
0.5014773202 0.3440000000  
0.5014870601 0.3450000000  
0.5014968435 0.3460000000  
0.5014946518 0.3470000000  
0.5015044434 0.3480000000  
0.5015508889 0.3490000000  
0.5015119259 0.3500000000  
0.5015217686 0.3510000000  
0.5015689106 0.3520000000  
0.5015167175 0.3530000000  
0.5015766952 0.3540000000  
0.5016257858 0.3550000000  
0.5015711950 0.3560000000  
0.5016336616 0.3570000000  
0.5016839753 0.3580000000  
0.5016414123 0.3590000000  
0.5016385655 0.3600000000  
0.5017029778 0.3610000000  
0.5016460526 0.3620000000  
0.5017110495 0.3630000000  
0.5016534087 0.3640000000  
0.5017189936 0.3650000000  
0.5016606313 0.3660000000  
0.5017128420 0.3670000000  
0.5017236422 0.3680000000  
0.5016782121 0.3690000000  
0.5017311836 0.3700000000  
0.5017277759 0.3710000000  
0.5017816522 0.3720000000  
0.5018373479 0.3730000000  
0.5017891193 0.3740000000  
0.5018452866 0.3750000000  
0.5017964430 0.3760000000  
0.5018530848 0.3770000000  
0.5018036208 0.3780000000  
0.5018607400 0.3790000000  
0.5018106504 0.3800000000  
0.5018682498 0.3810000000  
0.5018641508 0.3820000000  
0.5018756119 0.3830000000  
0.5018713578 0.3840000000  
0.5019305146 0.3850000000  
0.5018784127 0.3860000000  
0.5019866251 0.3870000000  
0.5019325047 0.3880000000  
0.5019277089 0.3890000000  
0.5019895879 0.3900000000  
0.5019344812 0.3910000000  
0.5019968728 0.3920000000  
0.5019410886 0.3930000000  
0.5019528272 0.3940000000  
0.5020160987 0.3950000000  
0.5019592687 0.3960000000  
0.5020230614 0.3970000000  
0.5020177476 0.3980000000  
0.5019598957 0.3990000000  
0.5020755596 0.4000000000  
0.5020698155 0.4010000000  
0.5021372097 0.4020000000  
0.5020762808 0.4030000000  
0.5020702296 0.4040000000  
0.5020825655 0.4050000000  
0.5021323232 0.4060000000  
0.5020886667 0.4070000000  
0.5020822465 0.4080000000  
0.5021514689 0.4090000000  
0.5021450847 0.4100000000  
0.5021385694 0.4110000000  
0.5020743598 0.4120000000  
0.5021992828 0.4130000000  
0.5021922790 0.4140000000  
0.5021252269 0.4150000000  
0.5021177105 0.4160000000  
0.5020500155 0.4170000000  
0.5020620308 0.4180000000  
0.5020539275 0.4190000000  
0.5020254623 0.4200000000  
0.5019764984 0.4210000000  
0.5019677100 0.4220000000  
0.5018978093 0.4230000000  
0.5018884690 0.4240000000  
0.5019062611 0.4250000000  
0.5018333569 0.4260000000  
0.5018229617 0.4270000000  
0.5017913153 0.4280000000  
0.5017171616 0.4290000000  
0.5016847695 0.4300000000  
0.5016097376 0.4310000000  
0.5015765698 0.4320000000  
0.5015218230 0.4330000000  
0.5014453703 0.4340000000  
0.5013896759 0.4350000000  
0.5013121808 0.4360000000  
0.5012341205 0.4370000000  
0.5011852438 0.4380000000  
0.5010819603 0.4390000000  
0.5009779401 0.4400000000  
0.5008511029 0.4410000000  
0.5007012797 0.4420000000  
0.5005061656 0.4430000000  
0.5000441953 0.4440000000  
