0.5000547610 0.0010000000  
0.5000631601 0.0020000000  
0.5000771617 0.0030000000  
0.5000967708 0.0040000000  
0.5001219939 0.0050000000  
0.5001528398 0.0060000000  
0.5001893191 0.0070000000  
0.5002314445 0.0080000000  
0.5002792307 0.0090000000  
0.5003326942 0.0100000000  
0.5003918539 0.0110000000  
0.5004567308 0.0120000000  
0.5005273478 0.0130000000  
0.5006037303 0.0140000000  
0.5005894506 0.0150000000  
0.5006648054 0.0160000000  
0.5007451425 0.0170000000  
0.5007335871 0.0180000000  
0.5008132003 0.0190000000  
0.5008075247 0.0200000000  
0.5008869955 0.0210000000  
0.5008852635 0.0220000000  
0.5008893204 0.0230000000  
0.5008975067 0.0240000000  
0.5009717654 0.0250000000  
0.5009810314 0.0260000000  
0.5009929531 0.0270000000  
0.5017376496 0.0280000000  
0.5018631062 0.0290000000  
0.5017905090 0.0300000000  
0.5019113133 0.0310000000  
0.5018547770 0.0320000000  
0.5019722384 0.0330000000  
0.5020935688 0.0340000000  
0.5020419290 0.0350000000  
0.5020048681 0.0360000000  
0.5021179831 0.0370000000  
0.5020871681 0.0380000000  
0.5021988462 0.0390000000  
0.5021728978 0.0400000000  
0.5021544609 0.0410000000  
0.5022613866 0.0420000000  
0.5022457631 0.0430000000  
0.5022353613 0.0440000000  
0.5022292470 0.0450000000  
0.5022266962 0.0460000000  
0.5023252700 0.0470000000  
0.5023236358 0.0480000000  
0.5032870823 0.0490000000  
0.5034252524 0.0500000000  
0.5033623897 0.0510000000  
0.5034982403 0.0520000000  
0.5034423823 0.0530000000  
0.5033966053 0.0540000000  
0.5035261929 0.0550000000  
0.5034848749 0.0560000000  
0.5034508587 0.0570000000  
0.5035756055 0.0580000000  
0.5035445470 0.0590000000  
0.5035190102 0.0600000000  
0.5034982061 0.0610000000  
0.5036163825 0.0620000000  
0.5035971788 0.0630000000  
0.5035817297 0.0640000000  
0.5035695660 0.0650000000  
0.5035602925 0.0660000000  
0.5048276246 0.0670000000  
0.5047627470 0.0680000000  
0.5047065975 0.0690000000  
0.5048486828 0.0700000000  
0.5047964572 0.0710000000  
0.5047510028 0.0720000000  
0.5048884620 0.0730000000  
0.5048458271 0.0740000000  
0.5048085912 0.0750000000  
0.5047761106 0.0760000000  
0.5049070142 0.0770000000  
0.5048762415 0.0780000000  
0.5048493849 0.0790000000  
0.5048260274 0.0800000000  
0.5048058088 0.0810000000  
0.5047884166 0.0820000000  
0.5061768793 0.0830000000  
0.5061103866 0.0840000000  
0.5048790918 0.0850000000  
0.5048670197 0.0860000000  
0.5061442518 0.0870000000  
0.5060934335 0.0880000000  
0.5060477061 0.0890000000  
0.5060065481 0.0900000000  
0.5061470150 0.0910000000  
0.5061075286 0.0920000000  
0.5060719094 0.0930000000  
0.5060397982 0.0940000000  
0.5060108786 0.0950000000  
0.5059848711 0.0960000000  
0.5061160705 0.0970000000  
0.5060908492 0.0980000000  
0.5060681656 0.0990000000  
0.5060478146 0.1000000000  
0.5060296125 0.1010000000  
0.5074047514 0.1020000000  
0.5073506994 0.1030000000  
0.5073010750 0.1040000000  
0.5072554918 0.1050000000  
0.5072136066 0.1060000000  
0.5073583588 0.1070000000  
0.5073177105 0.1080000000  
0.5072802897 0.1090000000  
0.5072458436 0.1100000000  
0.5072141453 0.1110000000  
0.5071849899 0.1120000000  
0.5071581924 0.1130000000  
0.5072929445 0.1140000000  
0.5072666842 0.1150000000  
0.5072425313 0.1160000000  
0.5072203426 0.1170000000  
0.5071999869 0.1180000000  
0.5071813446 0.1190000000  
0.5085520415 0.1200000000  
0.5085051626 0.1210000000  
0.5084614429 0.1220000000  
0.5084206588 0.1230000000  
0.5083826068 0.1240000000  
0.5083471020 0.1250000000  
0.5083139755 0.1260000000  
0.5084558632 0.1270000000  
0.5084233055 0.1280000000  
0.5083928946 0.1290000000  
0.5083644968 0.1300000000  
0.5083379891 0.1310000000  
0.5083132581 0.1320000000  
0.5082901991 0.1330000000  
0.5082687154 0.1340000000  
0.5082487174 0.1350000000  
0.5096398383 0.1360000000  
0.5095955212 0.1370000000  
0.5095537568 0.1380000000  
0.5095143897 0.1390000000  
0.5094772766 0.1400000000  
0.5094422855 0.1410000000  
0.5094092941 0.1420000000  
0.5093781895 0.1430000000  
0.5095208199 0.1440000000  
0.5094900598 0.1450000000  
0.5094610322 0.1460000000  
0.5094336443 0.1470000000  
0.5094078095 0.1480000000  
0.5093834472 0.1490000000  
0.5093604821 0.1500000000  
0.5093388438 0.1510000000  
0.5093184664 0.1520000000  
0.5092992884 0.1530000000  
0.5092812520 0.1540000000  
0.5106363164 0.1550000000  
0.5105991865 0.1560000000  
0.5105638923 0.1570000000  
0.5105303405 0.1580000000  
0.5104984437 0.1590000000  
0.5104681205 0.1600000000  
0.5104392942 0.1610000000  
0.5104118934 0.1620000000  
0.5103858507 0.1630000000  
0.5103611030 0.1640000000  
0.5103375910 0.1650000000  
0.5103152586 0.1660000000  
0.5102940533 0.1670000000  
0.5102739253 0.1680000000  
0.5102548279 0.1690000000  
0.5102367167 0.1700000000  
0.5115969084 0.1710000000  
0.5115621303 0.1720000000  
0.5115288731 0.1730000000  
0.5114970683 0.1740000000  
0.5114666515 0.1750000000  
0.5114375618 0.1760000000  
0.5114097419 0.1770000000  
0.5113831376 0.1780000000  
0.5113576977 0.1790000000  
0.5113333738 0.1800000000  
0.5113101201 0.1810000000  
0.5112878932 0.1820000000  
0.5112666517 0.1830000000  
0.5112463568 0.1840000000  
0.5112269712 0.1850000000  
0.5112084597 0.1860000000  
0.5111907889 0.1870000000  
0.5111739268 0.1880000000  
0.5123390691 0.1890000000  
0.5123105017 0.1900000000  
0.5122830607 0.1910000000  
0.5122567022 0.1920000000  
0.5122313843 0.1930000000  
0.5122070676 0.1940000000  
0.5121837142 0.1950000000  
0.5121612884 0.1960000000  
0.5121397559 0.1970000000  
0.5121190842 0.1980000000  
0.5120992423 0.1990000000  
0.5120802004 0.2000000000  
0.5120619303 0.2010000000  
0.5120444051 0.2020000000  
0.5120275988 0.2030000000  
0.5120114869 0.2040000000  
0.5119960456 0.2050000000  
0.5131475183 0.2060000000  
0.5131220676 0.2070000000  
0.5130975292 0.2080000000  
0.5130738713 0.2090000000  
0.5130510635 0.2100000000  
0.5130290769 0.2110000000  
0.5130078839 0.2120000000  
0.5129874578 0.2130000000  
0.5129677733 0.2140000000  
0.5129488061 0.2150000000  
0.5129305328 0.2160000000  
0.5141394187 0.2170000000  
0.5141109503 0.2180000000  
0.5140834130 0.2190000000  
0.5140567758 0.2200000000  
0.5140310091 0.2210000000  
0.5126893002 0.2220000000  
0.5126765181 0.2230000000  
0.5126642460 0.2240000000  
0.5137725702 0.2250000000  
0.5137522631 0.2260000000  
0.5137326356 0.2270000000  
0.5137136669 0.2280000000  
0.5136953369 0.2290000000  
0.5136776264 0.2300000000  
0.5136605169 0.2310000000  
0.5136439906 0.2320000000  
0.5148368170 0.2330000000  
0.5148114521 0.2340000000  
0.5147868567 0.2350000000  
0.5134373760 0.2360000000  
0.5134246413 0.2370000000  
0.5134123716 0.2380000000  
0.5134005539 0.2390000000  
0.5145123106 0.2400000000  
0.5144932248 0.2410000000  
0.5144747328 0.2420000000  
0.5144568179 0.2430000000  
0.5144394637 0.2440000000  
0.5142696186 0.2450000000  
0.5142545017 0.2460000000  
0.5142398755 0.2470000000  
0.5142257268 0.2480000000  
0.5142120428 0.2490000000  
0.5141988110 0.2500000000  
0.5141860194 0.2510000000  
0.5153280080 0.2520000000  
0.5153081470 0.2530000000  
0.5140091754 0.2540000000  
0.5139989622 0.2550000000  
0.5150940089 0.2560000000  
0.5150775005 0.2570000000  
0.5150614822 0.2580000000  
0.5150459410 0.2590000000  
0.5150308649 0.2600000000  
0.5148664285 0.2610000000  
0.5148532526 0.2620000000  
0.5148404875 0.2630000000  
0.5148281227 0.2640000000  
0.5148161485 0.2650000000  
0.5159575769 0.2660000000  
0.5159391931 0.2670000000  
0.5146415877 0.2680000000  
0.5146319313 0.2690000000  
0.5157300207 0.2700000000  
0.5157146174 0.2710000000  
0.5156996485 0.2720000000  
0.5144618247 0.2730000000  
0.5155205084 0.2740000000  
0.5155077153 0.2750000000  
0.5154952988 0.2760000000  
0.5154832499 0.2770000000  
0.5153270182 0.2780000000  
0.5153165193 0.2790000000  
0.5153063479 0.2800000000  
0.5152964964 0.2810000000  
0.5164131236 0.2820000000  
0.5151393360 0.2830000000  
0.5151311458 0.2840000000  
0.5151232346 0.2850000000  
0.5162017889 0.2860000000  
0.5161889279 0.2870000000  
0.5149682622 0.2880000000  
0.5160167241 0.2890000000  
0.5160057256 0.2900000000  
0.5159950460 0.2910000000  
0.5158416809 0.2920000000  
0.5158323697 0.2930000000  
0.5158233442 0.2940000000  
0.5169394918 0.2950000000  
0.5156680578 0.2960000000  
0.5156605339 0.2970000000  
0.5156532606 0.2980000000  
0.5167339704 0.2990000000  
0.5155059107 0.3000000000  
0.5154999769 0.3010000000  
0.5165524556 0.3020000000  
0.5165423296 0.3030000000  
0.5153541257 0.3040000000  
0.5163801302 0.3050000000  
0.5163715336 0.3060000000  
0.5162237162 0.3070000000  
0.5162162764 0.3080000000  
0.5162090732 0.3090000000  
0.5160663918 0.3100000000  
0.5160602466 0.3110000000  
0.5160543145 0.3120000000  
0.5171223496 0.3130000000  
0.5159114542 0.3140000000  
0.5159066828 0.3150000000  
0.5169490146 0.3160000000  
0.5157693669 0.3170000000  
0.5167911594 0.3180000000  
0.5167837826 0.3190000000  
0.5156335001 0.3200000000  
0.5166321990 0.3210000000  
0.5166260540 0.3220000000  
0.5164855061 0.3230000000  
0.5164803015 0.3240000000  
0.5163434409 0.3250000000  
0.5163391145 0.3260000000  
0.5163349604 0.3270000000  
0.5162022523 0.3280000000  
0.5161989051 0.3290000000  
0.5172235126 0.3300000000  
0.5160668966 0.3310000000  
0.5170728448 0.3320000000  
0.5170672250 0.3330000000  
0.5169267819 0.3340000000  
0.5169220314 0.3350000000  
0.5167850842 0.3360000000  
0.5167811468 0.3370000000  
0.5166475279 0.3380000000  
0.5166443511 0.3390000000  
0.5166413206 0.3400000000  
0.5165114379 0.3410000000  
0.5165091075 0.3420000000  
0.5163822134 0.3430000000  
0.5163805382 0.3440000000  
0.5172445317 0.3450000000  
0.5172406384 0.3460000000  
0.5172368972 0.3470000000  
0.5171021222 0.3480000000  
0.5170990993 0.3490000000  
0.5169673856 0.3500000000  
0.5169650354 0.3510000000  
0.5168362436 0.3520000000  
0.5168345233 0.3530000000  
0.5167085221 0.3540000000  
0.5167073914 0.3550000000  
0.5175729562 0.3560000000  
0.5175698092 0.3570000000  
0.5174355580 0.3580000000  
0.5174330680 0.3590000000  
0.5173017097 0.3600000000  
0.5172998351 0.3610000000  
0.5171712414 0.3620000000  
0.5171699432 0.3630000000  
0.5170439930 0.3640000000  
0.5170432345 0.3650000000  
0.5179144902 0.3660000000  
0.5177799208 0.3670000000  
0.5177777923 0.3680000000  
0.5176459939 0.3690000000  
0.5176444378 0.3700000000  
0.5175152900 0.3710000000  
0.5175142699 0.3720000000  
0.5173876588 0.3730000000  
0.5172630921 0.3740000000  
0.5172629580 0.3750000000  
0.5181325637 0.3760000000  
0.5171410528 0.3770000000  
0.5179982732 0.3780000000  
0.5178679166 0.3790000000  
0.5169040070 0.3800000000  
0.5177391678 0.3810000000  
0.5176132718 0.3820000000  
0.5176132524 0.3830000000  
0.5174896400 0.3840000000  
0.5183612957 0.3850000000  
0.5173686176 0.3860000000  
0.5172489898 0.3870000000  
0.5180986242 0.3880000000  
0.5171324907 0.3890000000  
0.5179708783 0.3900000000  
0.5178453586 0.3910000000  
0.5177216815 0.3920000000  
0.5177224097 0.3930000000  
0.5176008156 0.3940000000  
0.5174809452 0.3950000000  
0.5183363405 0.3960000000  
0.5173643675 0.3970000000  
0.5172480465 0.3980000000  
0.5180830503 0.3990000000  
0.5179590531 0.4000000000  
0.5170224270 0.4010000000  
0.5169108886 0.4020000000  
0.5177177064 0.4030000000  
0.5175989610 0.4040000000  
0.5174817812 0.4050000000  
0.5165878378 0.4060000000  
0.5173683740 0.4070000000  
0.5172543925 0.4080000000  
0.5171418384 0.4090000000  
0.5170306726 0.4100000000  
0.5169208571 0.4110000000  
0.5177196490 0.4120000000  
0.5176028978 0.4130000000  
0.5167084126 0.4140000000  
0.5166025607 0.4150000000  
0.5164979086 0.4160000000  
0.5163944238 0.4170000000  
0.5162920747 0.4180000000  
0.5161908306 0.4190000000  
0.5152093737 0.4200000000  
0.5151184654 0.4210000000  
0.5150284244 0.4220000000  
0.5141454301 0.4230000000  
0.5139780986 0.4240000000  
0.5137295420 0.4250000000  
0.5129491831 0.4260000000  
0.5128006060 0.4270000000  
0.5123571349 0.4280000000  
0.5117459739 0.4290000000  
0.5114131116 0.4300000000  
0.5106756243 0.4310000000  
0.5103777633 0.4320000000  
0.5098597030 0.4330000000  
0.5093448026 0.4340000000  
0.5087803428 0.4350000000  
0.5082353873 0.4360000000  
0.5076474002 0.4370000000  
0.5069716071 0.4380000000  
0.5063470914 0.4390000000  
0.5056021385 0.4400000000  
0.5048100749 0.4410000000  
0.5038829581 0.4420000000  
0.5026996740 0.4430000000  
0.5001768131 0.4440000000  
