0.5017693194 0.0010000000  
0.5017802452 0.0020000000  
0.5014140863 0.0030000000  
0.5011648966 0.0040000000  
0.5005247065 0.0050000000  
0.5004580911 0.0060000000  
0.5004140768 0.0070000000  
0.5003843339 0.0080000000  
0.5003639648 0.0090000000  
0.5003499082 0.0100000000  
0.5006767173 0.0110000000  
0.5006643408 0.0120000000  
0.5006557223 0.0130000000  
0.5006497246 0.0140000000  
0.5006455531 0.0150000000  
0.5009626961 0.0160000000  
0.5009600701 0.0170000000  
0.5009582371 0.0180000000  
0.5009569530 0.0190000000  
0.5009560480 0.0200000000  
0.5009554041 0.0210000000  
0.5009549396 0.0220000000  
0.5009545980 0.0230000000  
0.5009543403 0.0240000000  
0.5012721155 0.0250000000  
0.5012719222 0.0260000000  
0.5019075265 0.0270000000  
0.5019073401 0.0280000000  
0.5019071593 0.0290000000  
0.5019069812 0.0300000000  
0.5022245958 0.0310000000  
0.5019066259 0.0320000000  
0.5022241862 0.0330000000  
0.5022239764 0.0340000000  
0.5022237631 0.0350000000  
0.5022235463 0.0360000000  
0.5022233257 0.0370000000  
0.5022231015 0.0380000000  
0.5022228737 0.0390000000  
0.5022226423 0.0400000000  
0.5022224072 0.0410000000  
0.5025396274 0.0420000000  
0.5025393507 0.0430000000  
0.5034912542 0.0440000000  
0.5031735008 0.0450000000  
0.5034904664 0.0460000000  
0.5034900646 0.0470000000  
0.5034896575 0.0480000000  
0.5034892453 0.0490000000  
0.5034888281 0.0500000000  
0.5034884059 0.0510000000  
0.5038050823 0.0520000000  
0.5034875468 0.0530000000  
0.5034871101 0.0540000000  
0.5038036529 0.0550000000  
0.5034862224 0.0560000000  
0.5034857716 0.0570000000  
0.5038021777 0.0580000000  
0.5038016760 0.0590000000  
0.5047515256 0.0600000000  
0.5047508864 0.0610000000  
0.5050669501 0.0620000000  
0.5047495905 0.0630000000  
0.5050655554 0.0640000000  
0.5050648489 0.0650000000  
0.5047476035 0.0660000000  
0.5050634178 0.0670000000  
0.5050626935 0.0680000000  
0.5047455663 0.0690000000  
0.5050612274 0.0700000000  
0.5050604858 0.0710000000  
0.5050597386 0.0720000000  
0.5050589859 0.0730000000  
0.5050582276 0.0740000000  
0.5063219800 0.0750000000  
0.5063210187 0.0760000000  
0.5050559206 0.0770000000  
0.5063190762 0.0780000000  
0.5063180952 0.0790000000  
0.5060012139 0.0800000000  
0.5063161141 0.0810000000  
0.5063151140 0.0820000000  
0.5063141078 0.0830000000  
0.5063130954 0.0840000000  
0.5063120770 0.0850000000  
0.5063110525 0.0860000000  
0.5063100221 0.0870000000  
0.5063089859 0.0880000000  
0.5063079438 0.0890000000  
0.5075684939 0.0900000000  
0.5063058424 0.0910000000  
0.5075659584 0.0920000000  
0.5075646806 0.0930000000  
0.5075633961 0.0940000000  
0.5075621051 0.0950000000  
0.5075608077 0.0960000000  
0.5075595038 0.0970000000  
0.5072432130 0.0980000000  
0.5075568770 0.0990000000  
0.5075555542 0.1000000000  
0.5075542253 0.1010000000  
0.5075528902 0.1020000000  
0.5075515492 0.1030000000  
0.5075502021 0.1040000000  
0.5088072904 0.1050000000  
0.5088057050 0.1060000000  
0.5075461258 0.1070000000  
0.5088025140 0.1080000000  
0.5088009085 0.1090000000  
0.5087992964 0.1100000000  
0.5084833989 0.1110000000  
0.5087960529 0.1120000000  
0.5087944215 0.1130000000  
0.5084786798 0.1140000000  
0.5087911400 0.1150000000  
0.5087894899 0.1160000000  
0.5087878337 0.1170000000  
0.5084723037 0.1180000000  
0.5100398250 0.1190000000  
0.5087828291 0.1200000000  
0.5087811490 0.1210000000  
0.5100340644 0.1220000000  
0.5100321309 0.1230000000  
0.5097166477 0.1240000000  
0.5097147621 0.1250000000  
0.5100262915 0.1260000000  
0.5097109724 0.1270000000  
0.5097090684 0.1280000000  
0.5097071583 0.1290000000  
0.5100184173 0.1300000000  
0.5097033205 0.1310000000  
0.5097013927 0.1320000000  
0.5096994592 0.1330000000  
0.5112622485 0.1340000000  
0.5109470859 0.1350000000  
0.5096936245 0.1360000000  
0.5096916684 0.1370000000  
0.5109404597 0.1380000000  
0.5109382386 0.1390000000  
0.5109360114 0.1400000000  
0.5109337781 0.1410000000  
0.5109315388 0.1420000000  
0.5109292936 0.1430000000  
0.5109270425 0.1440000000  
0.5109247856 0.1450000000  
0.5109225229 0.1460000000  
0.5109202546 0.1470000000  
0.5109179806 0.1480000000  
0.5109157010 0.1490000000  
0.5109134158 0.1500000000  
0.5121586923 0.1510000000  
0.5121561335 0.1520000000  
0.5121535687 0.1530000000  
0.5118392868 0.1540000000  
0.5121484214 0.1550000000  
0.5121458390 0.1560000000  
0.5118317385 0.1570000000  
0.5118292111 0.1580000000  
0.5118266783 0.1590000000  
0.5133808210 0.1600000000  
0.5121328413 0.1610000000  
0.5118190472 0.1620000000  
0.5118164928 0.1630000000  
0.5118139331 0.1640000000  
0.5130553423 0.1650000000  
0.5130525014 0.1660000000  
0.5130496549 0.1670000000  
0.5130468028 0.1680000000  
0.5130439451 0.1690000000  
0.5127304103 0.1700000000  
0.5130382134 0.1710000000  
0.5130353395 0.1720000000  
0.5130324602 0.1730000000  
0.5130295757 0.1740000000  
0.5127163575 0.1750000000  
0.5142649573 0.1760000000  
0.5142617806 0.1770000000  
0.5139484254 0.1780000000  
0.5127050240 0.1790000000  
0.5127021784 0.1800000000  
0.5126993280 0.1810000000  
0.5139359204 0.1820000000  
0.5139327810 0.1830000000  
0.5139296366 0.1840000000  
0.5139264870 0.1850000000  
0.5139233325 0.1860000000  
0.5139201730 0.1870000000  
0.5136075482 0.1880000000  
0.5151515349 0.1890000000  
0.5139106650 0.1900000000  
0.5139074861 0.1910000000  
0.5139043024 0.1920000000  
0.5135920074 0.1930000000  
0.5135888855 0.1940000000  
0.5135857590 0.1950000000  
0.5148182815 0.1960000000  
0.5148148607 0.1970000000  
0.5148114351 0.1980000000  
0.5148080049 0.1990000000  
0.5148045699 0.2000000000  
0.5148011303 0.2010000000  
0.5147976862 0.2020000000  
0.5144858054 0.2030000000  
0.5160243689 0.2040000000  
0.5160206226 0.2050000000  
0.5157085977 0.2060000000  
0.5147803985 0.2070000000  
0.5144688569 0.2080000000  
0.5144654545 0.2090000000  
0.5144620480 0.2100000000  
0.5144586374 0.2110000000  
0.5144552228 0.2120000000  
0.5156827195 0.2130000000  
0.5156790050 0.2140000000  
0.5156752863 0.2150000000  
0.5156715634 0.2160000000  
0.5156678363 0.2170000000  
0.5153567203 0.2180000000  
0.5153530583 0.2190000000  
0.5153493924 0.2200000000  
0.5153457226 0.2210000000  
0.5153420489 0.2220000000  
0.5153383714 0.2230000000  
0.5165625539 0.2240000000  
0.5165585734 0.2250000000  
0.5165545888 0.2260000000  
0.5165506003 0.2270000000  
0.5162399149 0.2280000000  
0.5162359928 0.2290000000  
0.5162320668 0.2300000000  
0.5162281371 0.2310000000  
0.5162242037 0.2320000000  
0.5162202666 0.2330000000  
0.5162163259 0.2340000000  
0.5162123816 0.2350000000  
0.5162084338 0.2360000000  
0.5158984748 0.2370000000  
0.5158945948 0.2380000000  
0.5158907114 0.2390000000  
0.5158868247 0.2400000000  
0.5158829347 0.2410000000  
0.5158790414 0.2420000000  
0.5158751449 0.2430000000  
0.5183155520 0.2440000000  
0.5183110472 0.2450000000  
0.5180010937 0.2460000000  
0.5179966572 0.2470000000  
0.5179922172 0.2480000000  
0.5179877738 0.2490000000  
0.5179833271 0.2500000000  
0.5179788770 0.2510000000  
0.5179744236 0.2520000000  
0.5179699670 0.2530000000  
0.5176606835 0.2540000000  
0.5176562963 0.2550000000  
0.5176519060 0.2560000000  
0.5176475126 0.2570000000  
0.5176431162 0.2580000000  
0.5188565946 0.2590000000  
0.5188518878 0.2600000000  
0.5185428349 0.2610000000  
0.5185381981 0.2620000000  
0.5185335584 0.2630000000  
0.5185289156 0.2640000000  
0.5185242700 0.2650000000  
0.5173039465 0.2660000000  
0.5172996008 0.2670000000  
0.5172952525 0.2680000000  
0.5172909016 0.2690000000  
0.5169829766 0.2700000000  
0.5181927752 0.2710000000  
0.5181881867 0.2720000000  
0.5181835956 0.2730000000  
0.5181790019 0.2740000000  
0.5178711683 0.2750000000  
0.5178666464 0.2760000000  
0.5178621221 0.2770000000  
0.5178575954 0.2780000000  
0.5190648882 0.2790000000  
0.5190600487 0.2800000000  
0.5187523794 0.2810000000  
0.5187476121 0.2820000000  
0.5187428424 0.2830000000  
0.5175278585 0.2840000000  
0.5175233929 0.2850000000  
0.5184260955 0.2860000000  
0.5184213940 0.2870000000  
0.5184166903 0.2880000000  
0.5184119844 0.2890000000  
0.5184072765 0.2900000000  
0.5184025664 0.2910000000  
0.5196057989 0.2920000000  
0.5192988395 0.2930000000  
0.5192938907 0.2940000000  
0.5180819958 0.2950000000  
0.5180773533 0.2960000000  
0.5192790323 0.2970000000  
0.5189725462 0.2980000000  
0.5189676651 0.2990000000  
0.5189627821 0.3000000000  
0.5201631900 0.3010000000  
0.5201579922 0.3020000000  
0.5189481222 0.3030000000  
0.5189432320 0.3040000000  
0.5186373728 0.3050000000  
0.5186325570 0.3060000000  
0.5198310915 0.3070000000  
0.5198259605 0.3080000000  
0.5186180996 0.3090000000  
0.5186132773 0.3100000000  
0.5195100047 0.3110000000  
0.5195049451 0.3120000000  
0.5194998839 0.3130000000  
0.5203958317 0.3140000000  
0.5191895346 0.3150000000  
0.5191845470 0.3160000000  
0.5191795579 0.3170000000  
0.5191745674 0.3180000000  
0.5200693583 0.3190000000  
0.5188647686 0.3200000000  
0.5188598522 0.3210000000  
0.5188549345 0.3220000000  
0.5197488052 0.3230000000  
0.5197436499 0.3240000000  
0.5188401738 0.3250000000  
0.5197333356 0.3260000000  
0.5197281766 0.3270000000  
0.5197230163 0.3280000000  
0.5185213847 0.3290000000  
0.5194136267 0.3300000000  
0.5194085414 0.3310000000  
0.5203002353 0.3320000000  
0.5190995552 0.3330000000  
0.5190945451 0.3340000000  
0.5190895340 0.3350000000  
0.5199803057 0.3360000000  
0.5190795089 0.3370000000  
0.5190744949 0.3380000000  
0.5199645565 0.3390000000  
0.5199593048 0.3400000000  
0.5187612810 0.3410000000  
0.5196506578 0.3420000000  
0.5196454821 0.3430000000  
0.5196403055 0.3440000000  
0.5196351280 0.3450000000  
0.5196299498 0.3460000000  
0.5193270413 0.3470000000  
0.5193219402 0.3480000000  
0.5202096086 0.3490000000  
0.5190142601 0.3500000000  
0.5190092357 0.3510000000  
0.5198962183 0.3520000000  
0.5189991847 0.3530000000  
0.5198856936 0.3540000000  
0.5198804302 0.3550000000  
0.5186871179 0.3560000000  
0.5195729420 0.3570000000  
0.5204584530 0.3580000000  
0.5195625688 0.3590000000  
0.5195573815 0.3600000000  
0.5204421814 0.3610000000  
0.5192504575 0.3620000000  
0.5201348080 0.3630000000  
0.5192402372 0.3640000000  
0.5201241136 0.3650000000  
0.5189338002 0.3660000000  
0.5198172284 0.3670000000  
0.5198119587 0.3680000000  
0.5189187010 0.3690000000  
0.5198014182 0.3700000000  
0.5195002919 0.3710000000  
0.5194950998 0.3720000000  
0.5203770550 0.3730000000  
0.5194847148 0.3740000000  
0.5203661960 0.3750000000  
0.5191788853 0.3760000000  
0.5200599178 0.3770000000  
0.5191686564 0.3780000000  
0.5200492149 0.3790000000  
0.5188633163 0.3800000000  
0.5197434271 0.3810000000  
0.5197381541 0.3820000000  
0.5197328811 0.3830000000  
0.5194327782 0.3840000000  
0.5203118897 0.3850000000  
0.5194223895 0.3860000000  
0.5200063986 0.3870000000  
0.5191175043 0.3880000000  
0.5191123888 0.3890000000  
0.5196959679 0.3900000000  
0.5188079154 0.3910000000  
0.5196854214 0.3920000000  
0.5187978425 0.3930000000  
0.5184988174 0.3940000000  
0.5193756406 0.3950000000  
0.5184889027 0.3960000000  
0.5193652528 0.3970000000  
0.5190663518 0.3980000000  
0.5181804539 0.3990000000  
0.5190561227 0.4000000000  
0.5187575550 0.4010000000  
0.5196326947 0.4020000000  
0.5187474847 0.4030000000  
0.5187424499 0.4040000000  
0.5184442943 0.4050000000  
0.5193185159 0.4060000000  
0.5184343836 0.4070000000  
0.5181365607 0.4080000000  
0.5190101019 0.4090000000  
0.5187122464 0.4100000000  
0.5187072135 0.4110000000  
0.5178245230 0.4120000000  
0.5186971488 0.4130000000  
0.5183997055 0.4140000000  
0.5175178527 0.4150000000  
0.5175131368 0.4160000000  
0.5166321344 0.4170000000  
0.5163356687 0.4180000000  
0.5163312689 0.4190000000  
0.5160350547 0.4200000000  
0.5151556104 0.4210000000  
0.5151515266 0.4220000000  
0.5142729124 0.4230000000  
0.5142690653 0.4240000000  
0.5139738913 0.4250000000  
0.5130964510 0.4260000000  
0.5128017974 0.4270000000  
0.5125073127 0.4280000000  
0.5119220649 0.4290000000  
0.5116280061 0.4300000000  
0.5107526374 0.4310000000  
0.5104590900 0.4320000000  
0.5098751599 0.4330000000  
0.5095820324 0.4340000000  
0.5089987038 0.4350000000  
0.5084157209 0.4360000000  
0.5078330816 0.4370000000  
0.5072507839 0.4380000000  
0.5063788343 0.4390000000  
0.5057973024 0.4400000000  
0.5049262956 0.4410000000  
0.5040557978 0.4420000000  
0.5028961749 0.4430000000  
0.5002895350 0.4440000000  
